realtime_ns monotonic_s a_cpu_pct b_cpu_pct
1791228490555635738 638336.60 157 84
1791228491573478711 638337.62 139 154
1791228492590699508 638338.64 144 116
1791228493607115025 638339.65 169 87
1791228494627095605 638340.67 143 83
1791228495645364196 638341.69 175 87
1791228496662395617 638342.71 181 87
1791228497684967956 638343.73 150 168
1791228498703530387 638344.75 171 129
1791228499722806206 638345.77 148 95
1791228500742142929 638346.79 146 96
1791228501760072405 638347.81 180 90
1791228502777541948 638348.82 184 96
1791228503794701520 638349.84 172 155
1791228504815662649 638350.86 167 138
1791228505832762489 638351.88 164 99
1791228506850405618 638352.90 160 95
1791228507868320896 638353.92 207 98
1791228508888592312 638354.93 135 121
1791228509905686001 638355.95 91 138
1791228510923584358 638356.97 60 153
1791228511939319020 638357.99 63 151
1791228512955654358 638359.00 65 102
1791228513972737868 638360.02 100 120
1791228514990754136 638361.04 121 106
1791228516007233625 638362.05 59 127
1791228517023937112 638363.07 93 136
1791228518042298197 638364.09 65 97
1791228519060555508 638365.11 70 171
1791228520079737792 638366.13 94 223
1791228521096555324 638367.14 140 165
1791228522114947969 638368.16 63 215
1791228523130444675 638369.18 72 233
1791228524148311824 638370.20 66 227
1791228525168084616 638371.21 53 229
1791228526187576160 638372.23 84 177
1791228527204970133 638373.25 122 92
1791228528223074457 638374.27 67 136
1791228529240447340 638375.29 62 139
1791228530259524207 638376.31 52 121
1791228531276627205 638377.32 78 96
1791228532292791853 638378.34 76 107
1791228533311355058 638379.36 107 93
1791228534328979242 638380.38 43 126
1791228535345147417 638381.39 42 144
1791228536362163111 638382.41 61 101
1791228537386040537 638383.43 56 95
1791228538405224576 638384.45 69 99
1791228539424367998 638385.47 114 104
1791228540443211719 638386.49 47 121
1791228541468091874 638387.52 51 154
1791228542491352324 638388.54 79 124
1791228543509016955 638389.56 51 98
1791228544525700947 638390.57 57 89
1791228545543488819 638391.59 112 100
1791228546561528863 638392.61 57 123
1791228547584069785 638393.63 78 143
1791228548603376383 638394.65 56 142
1791228549621532235 638395.67 50 102
1791228550640099567 638396.69 46 91
1791228551664823531 638397.71 97 97
1791228552688020382 638398.74 110 126
1791228553712922238 638399.76 121 164
1791228554731113687 638400.78 68 154
1791228555752269382 638401.80 58 104
1791228556772859827 638402.82 59 113
1791228557800659847 638403.85 53 133
1791228558819484653 638404.87 77 105
1791228559841091554 638405.89 114 134
1791228560863170590 638406.91 73 178
1791228561886696618 638407.93 71 99
1791228562904251393 638408.95 85 123
1791228563923533806 638409.97 84 109
1791228564942438442 638410.99 108 105
1791228565967523272 638412.02 122 108
1791228566990900231 638413.04 118 169
1791228568008006175 638414.05 84 123
1791228569026998795 638415.07 75 110
1791228570045498902 638416.09 108 99
1791228571064310924 638417.11 83 106
1791228572081900642 638418.13 111 116
1791228573099916222 638419.15 116 169
1791228574116246302 638420.16 83 172
1791228575135127925 638421.18 104 131
1791228576151989381 638422.20 84 102
1791228577170039516 638423.22 109 101
1791228578187304799 638424.23 126 104
1791228579205741047 638425.25 111 102
1791228580222642058 638426.27 91 173
1791228581240831343 638427.29 93 125
1791228582257746129 638428.30 78 102
1791228583273772911 638429.32 77 105
1791228584292549367 638430.34 102 127
1791228585311842532 638431.36 91 133
1791228586332118169 638432.38 96 153
1791228587357820327 638433.40 66 153
1791228588377178394 638434.42 56 109
1791228589395329588 638435.44 53 96
1791228590412680001 638436.46 93 118
1791228591429639552 638437.48 107 92
1791228592446186589 638438.49 50 126
1791228593463233974 638439.51 53 144
1791228594479938758 638440.53 54 95
1791228595495956693 638441.54 51 115
1791228596513555011 638442.56 103 93
1791228597532606053 638443.58 104 96
1791228598551834216 638444.60 56 126
1791228599570852947 638445.62 57 160
1791228600590540451 638446.64 53 111
1791228601614287516 638447.66 63 130
1791228602633228491 638448.68 114 116
1791228603652655637 638449.70 108 107
1791228604670281387 638450.72 50 115
1791228605690011983 638451.74 53 158
1791228606709108389 638452.76 60 138
1791228607727357337 638453.77 88 128
1791228608747912248 638454.80 89 121
1791228609771406589 638455.82 118 117
