function PreloadFiles takes nothing returns nothing

	call PreloadStart()
	call Preload( "RS v=2 build=1791057726 local=0 run=2 page=0 rows=163 mode=clean edge_pairs=0 edge_limit=64 edge_dropped=0" )
	call Preload( "counts poll=163 capture_attempt=161 advance=163 present=163" )
	call Preload( "clock=native-game-ms not-host-wall; row=zero-based-service; marker_x=0.04+(row%32)*0.0032 y=0.595-((row/32)%4)*0.01" )
	call Preload( "A row entry_ms poll_ms capture_ms advance_ms present_ms frame_before frame_after F_before F_after K_before target" )
	call Preload( "B row held pressed released capture_result phase confirmed_shield predicted_shield pose_serial correction" )
	call Preload( "A 0 14.526 14.526 14.526 14.526 14.526 1451 1456 1463 1464 1456 1463" )
	call Preload( "B 0 0 0 0 0 2 0 0 1 0" )
	call Preload( "A 1 31.128 31.128 31.128 31.128 31.128 1456 1456 1464 1465 1456 1464" )
	call Preload( "B 1 0 0 0 0 2 0 0 1 0" )
	call Preload( "A 2 47.729 47.729 47.729 47.729 47.729 1456 1456 1465 1466 1456 1465" )
	call Preload( "B 2 0 0 0 0 2 0 0 1 0" )
	call Preload( "A 3 64.331 64.331 64.331 64.331 64.331 1456 1460 1466 1467 1460 1466" )
	call Preload( "B 3 0 0 0 0 2 0 0 1 0" )
	call Preload( "A 4 80.933 80.933 80.933 80.933 80.933 1460 1460 1467 1468 1460 1467" )
	call Preload( "B 4 0 0 0 0 2 0 0 1 0" )
	call Preload( "A 5 97.534 97.534 97.534 97.534 97.534 1460 1460 1468 1469 1460 1468" )
	call Preload( "B 5 0 0 0 0 2 0 0 1 0" )
	call Preload( "A 6 114.136 114.136 114.136 114.136 114.136 1460 1463 1469 1470 1463 1469" )
	call Preload( "B 6 0 0 0 0 2 0 0 1 0" )
	call Preload( "A 7 130.737 130.737 130.737 130.737 130.737 1463 1463 1470 1471 1463 1470" )
	call Preload( "B 7 0 0 0 0 2 0 0 1 0" )
	call Preload( "A 8 147.339 147.339 147.339 147.339 147.339 1463 1463 1471 1472 1463 1471" )
	call Preload( "B 8 0 0 0 0 2 0 0 1 0" )
	call Preload( "A 9 163.940 163.940 163.940 163.940 163.940 1463 1463 1472 1473 1463 1472" )
	call Preload( "B 9 0 0 0 0 2 0 0 1 0" )
	call Preload( "A 10 180.542 180.542 180.542 180.542 180.542 1463 1468 1473 1474 1468 1473" )
	call Preload( "B 10 0 0 0 0 2 0 0 1 0" )
	call Preload( "A 11 197.144 197.144 197.144 197.144 197.144 1468 1468 1474 1475 1468 1474" )
	call Preload( "B 11 256 256 0 0 2 0 1 1 0" )
	call Preload( "A 12 213.745 213.745 213.745 213.745 213.745 1468 1468 1475 1476 1468 1475" )
	call Preload( "B 12 256 0 0 0 2 0 1 1 0" )
	call Preload( "A 13 230.347 230.347 230.347 230.347 230.347 1468 1470 1476 1477 1470 1476" )
	call Preload( "B 13 256 0 0 0 2 0 1 1 0" )
	call Preload( "A 14 246.948 246.948 246.948 246.948 246.948 1470 1470 1477 1478 1470 1477" )
	call Preload( "B 14 256 0 0 0 2 0 1 1 0" )
	call Preload( "A 15 263.550 263.550 263.550 263.550 263.550 1470 1470 1478 1479 1470 1478" )
	call Preload( "B 15 256 0 0 0 2 0 1 1 0" )
	call Preload( "A 16 280.151 280.151 280.151 280.151 280.151 1470 1470 1479 1480 1470 1479" )
	call Preload( "B 16 256 0 0 0 2 0 1 1 0" )
	call Preload( "A 17 296.753 296.753 296.753 296.753 296.753 1470 1473 1480 1481 1473 1480" )
	call Preload( "B 17 256 0 0 0 2 0 1 1 0" )
	call Preload( "A 18 313.354 313.354 313.354 313.354 313.354 1473 1473 1481 1482 1473 1481" )
	call Preload( "B 18 256 0 0 0 2 0 1 1 0" )
	call Preload( "A 19 329.956 329.956 329.956 329.956 329.956 1473 1473 1482 1483 1473 1482" )
	call Preload( "B 19 256 0 0 0 2 0 1 1 0" )
	call Preload( "A 20 346.558 346.558 346.558 346.558 346.558 1473 1478 1483 1484 1478 1483" )
	call Preload( "B 20 0 0 256 0 2 1 0 1 0" )
	call Preload( "A 21 363.159 363.159 363.159 363.159 363.159 1478 1478 1484 1485 1478 1484" )
	call Preload( "B 21 0 0 0 0 2 1 0 1 0" )
	call Preload( "A 22 379.761 379.761 379.761 379.761 379.761 1478 1478 1485 1486 1478 1485" )
	call Preload( "B 22 0 0 0 0 2 1 0 1 0" )
	call Preload( "A 23 396.362 396.362 396.362 396.362 396.362 1478 1478 1486 1487 1478 1486" )
	call Preload( "B 23 0 0 0 0 2 1 0 1 0" )
	call Preload( "A 24 412.964 412.964 412.964 412.964 412.964 1478 1478 1487 1488 1478 1487" )
	call Preload( "B 24 0 0 0 0 2 1 0 1 0" )
	call Preload( "A 25 429.565 429.565 429.565 429.565 429.565 1478 1481 1488 1489 1481 1488" )
	call Preload( "B 25 0 0 0 0 2 1 0 1 0" )
	call Preload( "A 26 446.167 446.167 446.167 446.167 446.167 1481 1481 1489 1490 1481 1489" )
	call Preload( "B 26 0 0 0 0 2 1 0 1 0" )
	call Preload( "A 27 462.769 462.769 462.769 462.769 462.769 1481 1481 1490 1491 1481 1490" )
	call Preload( "B 27 0 0 0 0 2 1 0 1 0" )
	call Preload( "A 28 479.370 479.370 479.370 479.370 479.370 1481 1485 1491 1492 1485 1491" )
	call Preload( "B 28 0 0 0 0 2 0 0 1 0" )
	call Preload( "A 29 495.972 495.972 495.972 495.972 495.972 1485 1485 1492 1493 1485 1492" )
	call Preload( "B 29 0 0 0 0 2 0 0 1 0" )
	call Preload( "A 30 512.573 512.573 512.573 512.573 512.573 1485 1485 1493 1494 1485 1493" )
	call Preload( "B 30 0 0 0 0 2 0 0 1 0" )
	call Preload( "A 31 529.175 529.175 529.175 529.175 529.175 1485 1485 1494 1495 1485 1494" )
	call Preload( "B 31 0 0 0 0 2 0 0 1 0" )
	call Preload( "A 32 545.776 545.776 545.776 545.776 545.776 1485 1488 1495 1496 1488 1495" )
	call Preload( "B 32 256 256 0 0 2 0 0 1 0" )
	call Preload( "A 33 562.378 562.378 562.378 562.378 562.378 1488 1488 1496 1497 1488 1496" )
	call Preload( "B 33 256 0 0 0 2 0 0 1 0" )
	call Preload( "A 34 578.979 578.979 578.979 578.979 578.979 1488 1488 1497 1498 1488 1497" )
	call Preload( "B 34 256 0 0 0 2 0 0 1 0" )
	call Preload( "A 35 595.581 595.581 595.581 595.581 595.581 1488 1488 1498 1499 1488 1498" )
	call Preload( "B 35 256 0 0 0 2 0 1 1 0" )
	call Preload( "A 36 612.183 612.183 612.183 612.183 612.183 1488 1493 1499 1500 1493 1499" )
	call Preload( "B 36 256 0 0 0 2 0 1 1 0" )
	call Preload( "A 37 628.784 628.784 628.784 628.784 628.784 1493 1493 1500 1501 1493 1500" )
	call Preload( "B 37 256 0 0 0 2 0 1 1 0" )
	call Preload( "A 38 645.386 645.386 645.386 645.386 645.386 1493 1493 1501 1502 1493 1501" )
	call Preload( "B 38 256 0 0 0 2 0 1 1 0" )
	call Preload( "A 39 661.987 661.987 661.987 661.987 661.987 1493 1495 1502 1503 1495 1502" )
	call Preload( "B 39 0 0 256 0 2 0 1 1 0" )
	call Preload( "A 40 678.589 678.589 678.589 678.589 678.589 1495 1495 1503 1504 1495 1503" )
	call Preload( "B 40 0 0 0 0 2 0 1 1 0" )
	call Preload( "A 41 695.190 695.190 695.190 695.190 695.190 1495 1495 1504 1505 1495 1504" )
	call Preload( "B 41 0 0 0 0 2 0 1 1 0" )
	call Preload( "A 42 711.792 711.792 711.792 711.792 711.792 1495 1495 1505 1506 1495 1505" )
	call Preload( "B 42 0 0 0 0 2 0 1 1 0" )
	call Preload( "A 43 728.394 728.394 728.394 728.394 728.394 1495 1495 1506 1507 1495 1506" )
	call Preload( "B 43 0 0 0 0 2 0 0 1 0" )
	call Preload( "A 44 744.995 744.995 744.995 744.995 744.995 1495 1500 1507 1508 1500 1507" )
	call Preload( "B 44 0 0 0 0 2 1 0 1 0" )
	call Preload( "A 45 761.597 761.597 761.597 761.597 761.597 1500 1503 1508 1509 1503 1508" )
	call Preload( "B 45 0 0 0 0 2 1 0 1 0" )
	call Preload( "A 46 778.198 778.198 778.198 778.198 778.198 1503 1503 1509 1510 1503 1509" )
	call Preload( "B 46 0 0 0 0 2 1 0 1 0" )
	call Preload( "A 47 794.800 794.800 794.800 794.800 794.800 1503 1503 1510 1511 1503 1510" )
	call Preload( "B 47 0 0 0 0 2 1 0 1 0" )
	call Preload( "A 48 811.401 811.401 811.401 811.401 811.401 1503 1503 1511 1512 1503 1511" )
	call Preload( "B 48 0 0 0 0 2 1 0 1 0" )
	call Preload( "A 49 828.003 828.003 828.003 828.003 828.003 1503 1503 1512 1513 1503 1512" )
	call Preload( "B 49 0 0 0 0 2 1 0 1 0" )
	call Preload( "A 50 844.604 844.604 844.604 844.604 844.604 1503 1507 1513 1514 1507 1513" )
	call Preload( "B 50 0 0 0 0 2 0 0 1 0" )
	call Preload( "A 51 861.206 861.206 861.206 861.206 861.206 1507 1507 1514 1515 1507 1514" )
	call Preload( "B 51 0 0 0 0 2 0 0 1 0" )
	call Preload( "A 52 877.808 877.808 877.808 877.808 877.808 1507 1507 1515 1516 1507 1515" )
	call Preload( "B 52 0 0 0 0 2 0 0 1 0" )
	call Preload( "A 53 894.409 894.409 894.409 894.409 894.409 1507 1510 1516 1517 1510 1516" )
	call Preload( "B 53 256 256 0 0 2 0 0 1 0" )
	call Preload( "A 54 911.011 911.011 911.011 911.011 911.011 1510 1510 1517 1518 1510 1517" )
	call Preload( "B 54 256 0 0 0 2 0 0 1 0" )
	call Preload( "A 55 927.612 927.612 927.612 927.612 927.612 1510 1510 1518 1519 1510 1518" )
	call Preload( "B 55 256 0 0 0 2 0 0 1 0" )
	call Preload( "A 56 944.214 944.214 944.214 944.214 944.214 1510 1510 1519 1520 1510 1519" )
	call Preload( "B 56 256 0 0 0 2 0 0 1 0" )
	call Preload( "A 57 960.815 960.815 960.815 960.815 960.815 1510 1515 1520 1521 1515 1520" )
	call Preload( "B 57 256 0 0 0 2 0 0 1 0" )
	call Preload( "A 58 977.417 977.417 977.417 977.417 977.417 1515 1515 1521 1522 1515 1521" )
	call Preload( "B 58 256 0 0 0 2 0 1 1 0" )
	call Preload( "A 59 994.019 994.019 994.019 994.019 994.019 1515 1515 1522 1523 1515 1522" )
	call Preload( "B 59 256 0 0 0 2 0 1 1 0" )
	call Preload( "A 60 1010.620 1010.620 1010.620 1010.620 1010.620 1515 1515 1523 1524 1515 1523" )
	call Preload( "B 60 0 0 256 0 2 0 1 1 0" )
	call Preload( "A 61 1027.222 1027.222 1027.222 1027.222 1027.222 1515 1518 1524 1525 1518 1524" )
	call Preload( "B 61 0 0 0 0 2 0 1 1 0" )
	call Preload( "A 62 1043.823 1043.823 1043.823 1043.823 1043.823 1518 1518 1525 1526 1518 1525" )
	call Preload( "B 62 0 0 0 0 2 0 1 1 0" )
	call Preload( "A 63 1060.425 1060.425 1060.425 1060.425 1060.425 1518 1518 1526 1527 1518 1526" )
	call Preload( "B 63 0 0 0 0 2 0 1 1 0" )
	call Preload( "A 64 1077.026 1077.026 1077.026 1077.026 1077.026 1518 1522 1527 1528 1522 1527" )
	call Preload( "B 64 0 0 0 0 2 1 1 1 0" )
	call Preload( "A 65 1093.628 1093.628 1093.628 1093.628 1093.628 1522 1522 1528 1529 1522 1528" )
	call Preload( "B 65 0 0 0 0 2 1 1 1 0" )
	call Preload( "A 66 1110.229 1110.229 1110.229 1110.229 1110.229 1522 1522 1529 1530 1522 1529" )
	call Preload( "B 66 0 0 0 0 2 1 0 1 0" )
	call Preload( "A 67 1126.831 1126.831 1126.831 1126.831 1126.831 1522 1522 1530 1531 1522 1530" )
	call Preload( "B 67 0 0 0 0 2 1 0 1 0" )
	call Preload( "A 68 1143.433 1143.433 1143.433 1143.433 1143.433 1522 1522 1531 1532 1522 1531" )
	call Preload( "B 68 0 0 0 0 2 1 0 1 0" )
	call Preload( "A 69 1160.034 1160.034 1160.034 1160.034 1160.034 1522 1523 1532 1533 1523 1532" )
	call Preload( "B 69 0 0 0 0 2 1 0 1 0" )
	call Preload( "A 70 1176.636 1176.636 1176.636 1176.636 1176.636 1523 1523 1533 1534 1523 1533" )
	call Preload( "B 70 0 0 0 0 2 1 0 1 0" )
	call Preload( "A 71 1193.237 1193.237 1193.237 1193.237 1193.237 1523 1523 1534 1535 1523 1534" )
	call Preload( "B 71 0 0 0 0 2 1 0 1 0" )
	call Preload( "A 72 1209.839 1209.839 1209.839 1209.839 1209.839 1523 1529 1535 1536 1529 1535" )
	call Preload( "B 72 0 0 0 0 2 0 0 1 0" )
	call Preload( "A 73 1226.440 1226.440 1226.440 1226.440 1226.440 1529 1529 1536 1537 1529 1536" )
	call Preload( "B 73 0 0 0 0 2 0 0 1 0" )
	call Preload( "A 74 1243.042 1243.042 1243.042 1243.042 1243.042 1529 1529 1537 1538 1529 1537" )
	call Preload( "B 74 0 0 0 0 2 0 0 1 0" )
	call Preload( "A 75 1259.644 1259.644 1259.644 1259.644 1259.644 1529 1529 1538 1539 1529 1538" )
	call Preload( "B 75 0 0 0 0 2 0 0 1 0" )
	call Preload( "A 76 1276.245 1276.245 1276.245 1276.245 1276.245 1529 1529 1539 1540 1529 1539" )
	call Preload( "B 76 0 0 0 0 2 0 0 1 0" )
	call Preload( "A 77 1292.847 1292.847 1292.847 1292.847 1292.847 1529 1529 1540 1541 1529 1540" )
	call Preload( "B 77 0 0 0 0 2 0 0 1 0" )
	call Preload( "A 78 1309.448 1309.448 1309.448 1309.448 1309.448 1529 1529 1541 1542 1529 1541" )
	call Preload( "B 78 0 0 0 0 2 0 0 1 0" )
	call Preload( "A 79 1326.050 1326.050 1326.050 1326.050 1326.050 1529 1529 1542 1543 1529 1542" )
	call Preload( "B 79 0 0 0 0 2 0 0 1 0" )
	call Preload( "A 80 1342.651 1342.651 1342.651 1342.651 1342.651 1529 1529 1543 1544 1529 1543" )
	call Preload( "B 80 0 0 0 0 2 0 0 1 0" )
	call Preload( "A 81 1359.253 1359.253 1359.253 1359.253 1359.253 1529 1529 1544 1545 1529 1544" )
	call Preload( "B 81 0 0 0 0 2 0 0 1 0" )
	call Preload( "A 82 1375.854 1375.854 1375.854 1375.854 1375.854 1529 1529 1545 1546 1529 1545" )
	call Preload( "B 82 0 0 0 0 2 0 0 1 0" )
	call Preload( "A 83 1392.456 1392.456 1392.456 1392.456 1392.456 1529 1529 1546 1547 1529 1546" )
	call Preload( "B 83 0 0 0 0 2 0 0 1 0" )
	call Preload( "A 84 1409.058 1409.058 1409.058 1409.058 1409.058 1529 1529 1547 1548 1529 1547" )
	call Preload( "B 84 0 0 0 0 2 0 0 1 0" )
	call Preload( "A 85 1425.659 1425.659 1425.659 1425.659 1425.659 1529 1529 1548 1549 1529 1548" )
	call Preload( "B 85 0 0 0 0 2 0 0 1 0" )
	call Preload( "A 86 1442.261 1442.261 1442.261 1442.261 1442.261 1529 1529 1549 1550 1529 1549" )
	call Preload( "B 86 0 0 0 0 2 0 0 1 0" )
	call Preload( "A 87 1458.862 1458.862 1458.862 1458.862 1458.862 1529 1529 1550 1551 1529 1550" )
	call Preload( "B 87 0 0 0 0 2 0 0 1 0" )
	call Preload( "A 88 1475.464 1475.464 1475.464 1475.464 1475.464 1529 1529 1551 1552 1529 1551" )
	call Preload( "B 88 0 0 0 0 2 0 0 1 0" )
	call Preload( "A 89 1492.065 1492.065 1492.065 1492.065 1492.065 1529 1529 1552 1553 1529 1552" )
	call Preload( "B 89 0 0 0 0 2 0 0 1 0" )
	call Preload( "A 90 1508.667 1508.667 1508.667 1508.667 1508.667 1529 1529 1553 1554 1529 1553" )
	call Preload( "B 90 0 0 0 0 2 0 0 1 0" )
	call Preload( "A 91 1525.269 1525.269 1525.269 1525.269 1525.269 1529 1529 1554 1554 1529 1554" )
	call Preload( "B 91 0 0 0 0 2 0 0 1 0" )
	call Preload( "A 92 1541.870 1541.870 -1.000 1541.870 1541.870 1529 1534 1554 1555 1534 1554" )
	call Preload( "B 92 0 0 0 -1 2 0 0 1 0" )
	call Preload( "A 93 1558.472 1558.472 1558.472 1558.472 1558.472 1534 1534 1555 1556 1534 1555" )
	call Preload( "B 93 0 0 0 0 2 0 0 1 0" )
	call Preload( "A 94 1575.073 1575.073 1575.073 1575.073 1575.073 1534 1534 1556 1557 1534 1556" )
	call Preload( "B 94 0 0 0 0 2 0 0 1 0" )
	call Preload( "A 95 1591.675 1591.675 1591.675 1591.675 1591.675 1534 1534 1557 1558 1534 1557" )
	call Preload( "B 95 0 0 0 0 2 0 0 1 0" )
	call Preload( "A 96 1608.276 1608.276 1608.276 1608.276 1608.276 1534 1534 1558 1559 1534 1558" )
	call Preload( "B 96 0 0 0 0 2 0 0 1 0" )
	call Preload( "A 97 1624.878 1624.878 1624.878 1624.878 1624.878 1534 1534 1559 1559 1534 1559" )
	call Preload( "B 97 0 0 0 0 2 0 0 1 0" )
	call Preload( "A 98 1641.479 1641.479 -1.000 1641.479 1641.479 1534 1540 1559 1560 1551 1559" )
	call Preload( "B 98 0 0 0 -1 2 0 0 1 0" )
	call Preload( "A 99 1658.081 1658.081 1658.081 1658.081 1658.081 1540 1546 1560 1561 1551 1560" )
	call Preload( "B 99 0 0 0 0 2 0 0 1 0" )
	call Preload( "A 100 1674.683 1674.683 1674.683 1674.683 1674.683 1546 1551 1561 1562 1551 1561" )
	call Preload( "B 100 0 0 0 0 2 0 0 1 0" )
	call Preload( "A 101 1691.284 1691.284 1691.284 1691.284 1691.284 1551 1556 1562 1563 1556 1562" )
	call Preload( "B 101 0 0 0 0 2 0 0 1 0" )
	call Preload( "A 102 1707.886 1707.886 1707.886 1707.886 1707.886 1556 1556 1563 1564 1556 1563" )
	call Preload( "B 102 0 0 0 0 2 0 0 1 0" )
	call Preload( "A 103 1724.487 1724.487 1724.487 1724.487 1724.487 1556 1558 1564 1565 1558 1564" )
	call Preload( "B 103 0 0 0 0 2 0 0 1 0" )
	call Preload( "A 104 1741.089 1741.089 1741.089 1741.089 1741.089 1558 1558 1565 1566 1558 1565" )
	call Preload( "B 104 0 0 0 0 2 0 0 1 0" )
	call Preload( "A 105 1757.690 1757.690 1757.690 1757.690 1757.690 1558 1558 1566 1567 1558 1566" )
	call Preload( "B 105 0 0 0 0 2 0 0 1 0" )
	call Preload( "A 106 1774.292 1774.292 1774.292 1774.292 1774.292 1558 1560 1567 1568 1560 1567" )
	call Preload( "B 106 0 0 0 0 2 0 0 1 0" )
	call Preload( "A 107 1790.894 1790.894 1790.894 1790.894 1790.894 1560 1560 1568 1569 1560 1568" )
	call Preload( "B 107 0 0 0 0 2 0 0 1 0" )
	call Preload( "A 108 1807.495 1807.495 1807.495 1807.495 1807.495 1560 1564 1569 1570 1564 1569" )
	call Preload( "B 108 0 0 0 0 2 0 0 1 0" )
	call Preload( "A 109 1824.097 1824.097 1824.097 1824.097 1824.097 1564 1564 1570 1571 1564 1570" )
	call Preload( "B 109 0 0 0 0 2 0 0 1 0" )
	call Preload( "A 110 1840.698 1840.698 1840.698 1840.698 1840.698 1564 1564 1571 1572 1564 1571" )
	call Preload( "B 110 0 0 0 0 2 0 0 1 0" )
	call Preload( "A 111 1857.300 1857.300 1857.300 1857.300 1857.300 1564 1567 1572 1573 1567 1572" )
	call Preload( "B 111 0 0 0 0 2 0 0 1 0" )
	call Preload( "A 112 1873.901 1873.901 1873.901 1873.901 1873.901 1567 1567 1573 1574 1567 1573" )
	call Preload( "B 112 0 0 0 0 2 0 0 1 0" )
	call Preload( "A 113 1890.503 1890.503 1890.503 1890.503 1890.503 1567 1567 1574 1575 1567 1574" )
	call Preload( "B 113 0 0 0 0 2 0 0 1 0" )
	call Preload( "A 114 1907.104 1907.104 1907.104 1907.104 1907.104 1567 1567 1575 1576 1567 1575" )
	call Preload( "B 114 0 0 0 0 2 0 0 1 0" )
	call Preload( "A 115 1923.706 1923.706 1923.706 1923.706 1923.706 1567 1567 1576 1577 1567 1576" )
	call Preload( "B 115 0 0 0 0 2 0 0 1 0" )
	call Preload( "A 116 1940.308 1940.308 1940.308 1940.308 1940.308 1567 1570 1577 1578 1570 1577" )
	call Preload( "B 116 0 0 0 0 2 0 0 1 0" )
	call Preload( "A 117 1956.909 1956.909 1956.909 1956.909 1956.909 1570 1570 1578 1579 1570 1578" )
	call Preload( "B 117 0 0 0 0 2 0 0 1 0" )
	call Preload( "A 118 1973.511 1973.511 1973.511 1973.511 1973.511 1570 1570 1579 1580 1570 1579" )
	call Preload( "B 118 0 0 0 0 2 0 0 1 0" )
	call Preload( "A 119 1990.112 1990.112 1990.112 1990.112 1990.112 1570 1574 1580 1581 1574 1580" )
	call Preload( "B 119 0 0 0 0 2 0 0 1 0" )
	call Preload( "A 120 2006.714 2006.714 2006.714 2006.714 2006.714 1574 1574 1581 1582 1574 1581" )
	call Preload( "B 120 0 0 0 0 2 0 0 1 0" )
	call Preload( "A 121 2023.315 2023.315 2023.315 2023.315 2023.315 1574 1574 1582 1583 1574 1582" )
	call Preload( "B 121 0 0 0 0 2 0 0 1 0" )
	call Preload( "A 122 2039.917 2039.917 2039.917 2039.917 2039.917 1574 1574 1583 1584 1574 1583" )
	call Preload( "B 122 0 0 0 0 2 0 0 1 0" )
	call Preload( "A 123 2056.519 2056.519 2056.519 2056.519 2056.519 1574 1579 1584 1585 1579 1584" )
	call Preload( "B 123 0 0 0 0 2 0 0 1 0" )
	call Preload( "A 124 2073.120 2073.120 2073.120 2073.120 2073.120 1579 1579 1585 1586 1579 1585" )
	call Preload( "B 124 0 0 0 0 2 0 0 1 0" )
	call Preload( "A 125 2089.722 2089.722 2089.722 2089.722 2089.722 1579 1579 1586 1587 1579 1586" )
	call Preload( "B 125 256 256 0 0 2 0 1 1 0" )
	call Preload( "A 126 2106.323 2106.323 2106.323 2106.323 2106.323 1579 1579 1587 1588 1579 1587" )
	call Preload( "B 126 256 0 0 0 2 0 1 1 0" )
	call Preload( "A 127 2122.925 2122.925 2122.925 2122.925 2122.925 1579 1579 1588 1589 1579 1588" )
	call Preload( "B 127 256 0 0 0 2 0 1 1 0" )
	call Preload( "A 128 2139.526 2139.526 2139.526 2139.526 2139.526 1579 1582 1589 1590 1582 1589" )
	call Preload( "B 128 256 0 0 0 2 0 1 1 0" )
	call Preload( "A 129 2156.128 2156.128 2156.128 2156.128 2156.128 1582 1585 1590 1591 1585 1590" )
	call Preload( "B 129 256 0 0 0 2 0 1 1 0" )
	call Preload( "A 130 2172.729 2172.729 2172.729 2172.729 2172.729 1585 1585 1591 1592 1585 1591" )
	call Preload( "B 130 256 0 0 0 2 0 1 1 0" )
	call Preload( "A 131 2189.331 2189.331 2189.331 2189.331 2189.331 1585 1585 1592 1593 1585 1592" )
	call Preload( "B 131 0 0 256 0 2 0 1 1 0" )
	call Preload( "A 132 2205.933 2205.933 2205.933 2205.933 2205.933 1585 1585 1593 1594 1585 1593" )
	call Preload( "B 132 0 0 0 0 2 0 1 1 0" )
	call Preload( "A 133 2222.534 2222.534 2222.534 2222.534 2222.534 1585 1588 1594 1595 1588 1594" )
	call Preload( "B 133 0 0 0 0 2 1 0 1 0" )
	call Preload( "A 134 2239.136 2239.136 2239.136 2239.136 2239.136 1588 1588 1595 1596 1588 1595" )
	call Preload( "B 134 0 0 0 0 2 1 0 1 0" )
	call Preload( "A 135 2255.737 2255.737 2255.737 2255.737 2255.737 1588 1588 1596 1597 1588 1596" )
	call Preload( "B 135 0 0 0 0 2 1 0 1 0" )
	call Preload( "A 136 2272.339 2272.339 2272.339 2272.339 2272.339 1588 1592 1597 1598 1592 1597" )
	call Preload( "B 136 0 0 0 0 2 1 0 1 0" )
	call Preload( "A 137 2288.940 2288.940 2288.940 2288.940 2288.940 1592 1592 1598 1599 1592 1598" )
	call Preload( "B 137 0 0 0 0 2 1 0 1 0" )
	call Preload( "A 138 2305.542 2305.542 2305.542 2305.542 2305.542 1592 1592 1599 1600 1592 1599" )
	call Preload( "B 138 0 0 0 0 2 1 0 1 0" )
	call Preload( "A 139 2322.144 2322.144 2322.144 2322.144 2322.144 1592 1592 1600 1601 1592 1600" )
	call Preload( "B 139 0 0 0 0 2 1 0 1 0" )
	call Preload( "A 140 2338.745 2338.745 2338.745 2338.745 2338.745 1592 1592 1601 1602 1592 1601" )
	call Preload( "B 140 0 0 0 0 2 1 0 1 0" )
	call Preload( "A 141 2355.347 2355.347 2355.347 2355.347 2355.347 1592 1596 1602 1603 1596 1602" )
	call Preload( "B 141 0 0 0 0 2 0 0 1 0" )
	call Preload( "A 142 2371.948 2371.948 2371.948 2371.948 2371.948 1596 1596 1603 1604 1596 1603" )
	call Preload( "B 142 0 0 0 0 2 0 0 1 0" )
	call Preload( "A 143 2388.550 2388.550 2388.550 2388.550 2388.550 1596 1596 1604 1605 1596 1604" )
	call Preload( "B 143 0 0 0 0 2 0 0 1 0" )
	call Preload( "A 144 2405.151 2405.151 2405.151 2405.151 2405.151 1596 1599 1605 1606 1599 1605" )
	call Preload( "B 144 0 0 0 0 2 0 0 1 0" )
	call Preload( "A 145 2421.753 2421.753 2421.753 2421.753 2421.753 1599 1599 1606 1607 1599 1606" )
	call Preload( "B 145 0 0 0 0 2 0 0 1 0" )
	call Preload( "A 146 2438.354 2438.354 2438.354 2438.354 2438.354 1599 1599 1607 1608 1599 1607" )
	call Preload( "B 146 0 0 0 0 2 0 0 1 0" )
	call Preload( "A 147 2454.956 2454.956 2454.956 2454.956 2454.956 1599 1599 1608 1609 1599 1608" )
	call Preload( "B 147 0 0 0 0 2 0 0 1 0" )
	call Preload( "A 148 2471.558 2471.558 2471.558 2471.558 2471.558 1599 1599 1609 1610 1599 1609" )
	call Preload( "B 148 0 0 0 0 2 0 0 1 0" )
	call Preload( "A 149 2488.159 2488.159 2488.159 2488.159 2488.159 1599 1599 1610 1611 1599 1610" )
	call Preload( "B 149 0 0 0 0 2 0 0 1 0" )
	call PreloadEnd( 0.0 )

endfunction


