realtime_ns monotonic_s a_cpu_pct b_cpu_pct
1791222363708062355 632209.75 50 154
1791222364725023919 632210.77 170 93
1791222365742156173 632211.79 220 93
1791222366760558417 632212.81 158 104
1791222367778905657 632213.83 154 102
1791222368798117799 632214.85 147 127
1791222369816570336 632215.86 166 169
1791222370836368305 632216.88 167 136
1791222371856815800 632217.90 220 101
1791222372877259459 632218.92 154 96
1791222373896958232 632219.94 150 126
1791222374916741232 632220.96 148 103
1791222375937522051 632221.98 172 172
1791222376956071730 632223.00 159 96
1791222377973393617 632224.02 249 104
1791222378994633757 632225.04 186 129
1791222380011302750 632226.06 183 102
1791222381031203299 632227.08 202 108
1791222382051199147 632228.10 132 177
1791222383069974798 632229.12 86 102
1791222384088873339 632230.14 150 117
1791222385106535833 632231.15 80 113
1791222386125655738 632232.17 101 97
1791222387144009307 632233.19 78 102
1791222388161565662 632234.21 85 168
1791222389178226368 632235.22 90 105
1791222390194277422 632236.24 156 126
1791222391211678558 632237.26 105 99
1791222392227175124 632238.27 91 101
1791222393245688355 632239.29 85 103
1791222394263344527 632240.31 89 173
1791222395282560143 632241.33 80 99
1791222396299809987 632242.35 155 87
1791222397317806789 632243.36 114 94
1791222398340299335 632244.39 71 108
1791222399364424649 632245.41 51 104
1791222400382989040 632246.43 105 174
1791222401403517603 632247.45 119 140
1791222402423868923 632248.47 151 103
1791222403444289453 632249.49 92 101
1791222404462735302 632250.51 53 101
1791222405481342935 632251.53 72 120
1791222406499104821 632252.55 46 162
1791222407519103199 632253.57 60 133
1791222408537512429 632254.58 118 101
1791222409556582587 632255.60 67 94
1791222410575249019 632256.62 47 98
1791222411594237644 632257.64 45 117
1791222412613522564 632258.66 45 128
1791222413631532074 632259.68 76 160
1791222414650954121 632260.70 102 140
1791222415669067996 632261.72 66 85
1791222416686803582 632262.73 44 113
1791222417702845123 632263.75 49 87
1791222418721474975 632264.77 72 90
1791222419741471698 632265.79 45 131
1791222420759978368 632266.81 109 145
1791222421780060360 632267.83 65 103
1791222422799946476 632268.85 77 116
1791222423819008136 632269.87 75 100
1791222424838325535 632270.89 46 93
1791222425857677038 632271.90 47 132
1791222426877767095 632272.92 112 170
1791222427897002199 632273.94 79 139
1791222428917006004 632274.96 70 106
1791222429936503289 632275.98 65 105
1791222430954655694 632277.00 44 121
1791222431973146994 632278.02 47 129
1791222432994591518 632279.04 100 187
1791222434012730477 632280.06 64 121
1791222435030066953 632281.08 102 124
1791222436046309307 632282.09 83 126
1791222437066572627 632283.11 92 130
1791222438083185045 632284.13 91 138
1791222439099987198 632285.15 154 186
1791222440116733406 632286.16 127 127
1791222441134109595 632287.18 89 103
1791222442150870620 632288.20 88 101
1791222443168544026 632289.22 91 101
1791222444186917353 632290.23 93 124
1791222445206329356 632291.25 156 160
1791222446229625608 632292.28 124 122
1791222447250601292 632293.30 90 92
1791222448268188545 632294.31 94 96
1791222449286064479 632295.33 86 112
1791222450302109071 632296.35 96 95
1791222451317806552 632297.36 155 148
1791222452333212596 632298.38 122 110
1791222453349023249 632299.40 85 89
1791222454365385115 632300.41 92 101
1791222455381884458 632301.43 87 108
1791222456399835251 632302.45 117 91
1791222457417072768 632303.46 132 153
1791222458434503366 632304.48 118 106
1791222459451327016 632305.50 90 91
1791222460467322985 632306.51 91 118
1791222461484862577 632307.53 125 83
1791222462501623369 632308.55 127 82
1791222463519458224 632309.57 126 141
1791222464540374915 632310.59 82 117
1791222465560598135 632311.61 53 124
1791222466579011985 632312.63 49 96
1791222467596523823 632313.64 69 96
1791222468614251657 632314.66 50 96
1791222469633906792 632315.68 101 154
1791222470651584141 632316.70 80 147
1791222471670385496 632317.72 85 91
1791222472688438098 632318.73 124 95
