function PreloadFiles takes nothing returns nothing

	call PreloadStart()
	call Preload( "RS v=2 build=20261003T221416375056960 local=0 run=1 page=5 rows=1461 mode=clean edge_pairs=0 edge_limit=64 edge_dropped=0" )
	call Preload( "counts poll=254 capture_attempt=0 advance=1461 present=1461" )
	call Preload( "clock=native-game-ms not-host-wall; row=zero-based-service; marker_x=0.04+(row%32)*0.0032 y=0.595-((row/32)%4)*0.01" )
	call Preload( "A row entry_ms poll_ms capture_ms advance_ms present_ms frame_before frame_after F_before F_after K_before target" )
	call Preload( "B row held pressed released capture_result phase confirmed_shield predicted_shield pose_serial correction" )
	call Preload( "A 750 12511.505 -1.000 -1.000 12511.505 12511.505 126 126 151 151 126 -1" )
	call Preload( "B 750 -1 -1 -1 -1 2 0 0 3 0" )
	call Preload( "A 751 12528.167 -1.000 -1.000 12528.167 12528.167 126 126 151 151 126 -1" )
	call Preload( "B 751 -1 -1 -1 -1 2 0 0 3 0" )
	call Preload( "A 752 12544.830 -1.000 -1.000 12544.830 12544.830 126 126 151 151 126 -1" )
	call Preload( "B 752 -1 -1 -1 -1 2 0 0 3 0" )
	call Preload( "A 753 12561.492 -1.000 -1.000 12561.492 12561.492 126 126 151 151 126 -1" )
	call Preload( "B 753 -1 -1 -1 -1 2 0 0 3 0" )
	call Preload( "A 754 12578.155 -1.000 -1.000 12578.155 12578.155 126 126 151 151 126 -1" )
	call Preload( "B 754 -1 -1 -1 -1 2 0 0 3 0" )
	call Preload( "A 755 12594.817 -1.000 -1.000 12594.817 12594.817 126 126 151 151 126 -1" )
	call Preload( "B 755 -1 -1 -1 -1 2 0 0 3 0" )
	call Preload( "A 756 12611.480 -1.000 -1.000 12611.480 12611.480 126 126 151 151 126 -1" )
	call Preload( "B 756 -1 -1 -1 -1 2 0 0 3 0" )
	call Preload( "A 757 12628.143 -1.000 -1.000 12628.143 12628.143 126 126 151 151 126 -1" )
	call Preload( "B 757 -1 -1 -1 -1 2 0 0 3 0" )
	call Preload( "A 758 12644.806 -1.000 -1.000 12644.806 12644.806 126 126 151 151 126 -1" )
	call Preload( "B 758 -1 -1 -1 -1 2 0 0 3 0" )
	call Preload( "A 759 12661.468 -1.000 -1.000 12661.468 12661.468 126 126 151 151 126 -1" )
	call Preload( "B 759 -1 -1 -1 -1 2 0 0 3 0" )
	call Preload( "A 760 12678.131 -1.000 -1.000 12678.131 12678.131 126 126 151 151 126 -1" )
	call Preload( "B 760 -1 -1 -1 -1 2 0 0 3 0" )
	call Preload( "A 761 12694.793 -1.000 -1.000 12694.793 12694.793 126 126 151 151 126 -1" )
	call Preload( "B 761 -1 -1 -1 -1 2 0 0 3 0" )
	call Preload( "A 762 12711.456 -1.000 -1.000 12711.456 12711.456 126 126 151 151 126 -1" )
	call Preload( "B 762 -1 -1 -1 -1 2 0 0 3 0" )
	call Preload( "A 763 12728.118 -1.000 -1.000 12728.118 12728.118 126 126 151 151 126 -1" )
	call Preload( "B 763 -1 -1 -1 -1 2 0 0 3 0" )
	call Preload( "A 764 12744.781 -1.000 -1.000 12744.781 12744.781 126 126 151 151 126 -1" )
	call Preload( "B 764 -1 -1 -1 -1 2 0 0 3 0" )
	call Preload( "A 765 12761.443 -1.000 -1.000 12761.443 12761.443 126 126 151 151 126 -1" )
	call Preload( "B 765 -1 -1 -1 -1 2 0 0 3 0" )
	call Preload( "A 766 12778.106 -1.000 -1.000 12778.106 12778.106 126 126 151 151 126 -1" )
	call Preload( "B 766 -1 -1 -1 -1 2 0 0 3 0" )
	call Preload( "A 767 12794.769 -1.000 -1.000 12794.769 12794.769 126 126 151 151 126 -1" )
	call Preload( "B 767 -1 -1 -1 -1 2 0 0 3 0" )
	call Preload( "A 768 12811.432 -1.000 -1.000 12811.432 12811.432 126 126 151 151 126 -1" )
	call Preload( "B 768 -1 -1 -1 -1 2 0 0 3 0" )
	call Preload( "A 769 12828.094 -1.000 -1.000 12828.094 12828.094 126 126 151 151 126 -1" )
	call Preload( "B 769 -1 -1 -1 -1 2 0 0 3 0" )
	call Preload( "A 770 12844.757 -1.000 -1.000 12844.757 12844.757 126 126 151 151 126 -1" )
	call Preload( "B 770 -1 -1 -1 -1 2 0 0 3 0" )
	call Preload( "A 771 12861.419 -1.000 -1.000 12861.419 12861.419 126 126 151 151 126 -1" )
	call Preload( "B 771 -1 -1 -1 -1 2 0 0 3 0" )
	call Preload( "A 772 12878.082 -1.000 -1.000 12878.082 12878.082 126 126 151 151 126 -1" )
	call Preload( "B 772 -1 -1 -1 -1 2 0 0 3 0" )
	call Preload( "A 773 12894.744 -1.000 -1.000 12894.744 12894.744 126 126 151 151 126 -1" )
	call Preload( "B 773 -1 -1 -1 -1 2 0 0 3 0" )
	call Preload( "A 774 12911.407 -1.000 -1.000 12911.407 12911.407 126 126 151 151 126 -1" )
	call Preload( "B 774 -1 -1 -1 -1 2 0 0 3 0" )
	call Preload( "A 775 12928.069 -1.000 -1.000 12928.069 12928.069 126 126 151 151 126 -1" )
	call Preload( "B 775 -1 -1 -1 -1 2 0 0 3 0" )
	call Preload( "A 776 12944.732 -1.000 -1.000 12944.732 12944.732 126 126 151 151 126 -1" )
	call Preload( "B 776 -1 -1 -1 -1 2 0 0 3 0" )
	call Preload( "A 777 12961.395 -1.000 -1.000 12961.395 12961.395 126 126 151 151 126 -1" )
	call Preload( "B 777 -1 -1 -1 -1 2 0 0 3 0" )
	call Preload( "A 778 12978.058 -1.000 -1.000 12978.058 12978.058 126 126 151 151 126 -1" )
	call Preload( "B 778 -1 -1 -1 -1 2 0 0 3 0" )
	call Preload( "A 779 12994.720 -1.000 -1.000 12994.720 12994.720 126 126 151 151 126 -1" )
	call Preload( "B 779 -1 -1 -1 -1 2 0 0 3 0" )
	call Preload( "A 780 13011.383 -1.000 -1.000 13011.383 13011.383 126 126 151 151 126 -1" )
	call Preload( "B 780 -1 -1 -1 -1 2 0 0 3 0" )
	call Preload( "A 781 13028.045 -1.000 -1.000 13028.045 13028.045 126 126 151 151 126 -1" )
	call Preload( "B 781 -1 -1 -1 -1 2 0 0 3 0" )
	call Preload( "A 782 13044.708 -1.000 -1.000 13044.708 13044.708 126 126 151 151 126 -1" )
	call Preload( "B 782 -1 -1 -1 -1 2 0 0 3 0" )
	call Preload( "A 783 13061.370 -1.000 -1.000 13061.370 13061.370 126 126 151 151 126 -1" )
	call Preload( "B 783 -1 -1 -1 -1 2 0 0 3 0" )
	call Preload( "A 784 13078.033 -1.000 -1.000 13078.033 13078.033 126 126 151 151 126 -1" )
	call Preload( "B 784 -1 -1 -1 -1 2 0 0 3 0" )
	call Preload( "A 785 13094.695 -1.000 -1.000 13094.695 13094.695 126 126 151 151 126 -1" )
	call Preload( "B 785 -1 -1 -1 -1 2 0 0 3 0" )
	call Preload( "A 786 13111.358 -1.000 -1.000 13111.358 13111.358 126 126 151 151 126 -1" )
	call Preload( "B 786 -1 -1 -1 -1 2 0 0 3 0" )
	call Preload( "A 787 13128.021 -1.000 -1.000 13128.021 13128.021 126 126 151 151 126 -1" )
	call Preload( "B 787 -1 -1 -1 -1 2 0 0 3 0" )
	call Preload( "A 788 13144.684 -1.000 -1.000 13144.684 13144.684 126 126 151 151 126 -1" )
	call Preload( "B 788 -1 -1 -1 -1 2 0 0 3 0" )
	call Preload( "A 789 13161.346 -1.000 -1.000 13161.346 13161.346 126 126 151 151 126 -1" )
	call Preload( "B 789 -1 -1 -1 -1 2 0 0 3 0" )
	call Preload( "A 790 13178.009 -1.000 -1.000 13178.009 13178.009 126 126 151 151 126 -1" )
	call Preload( "B 790 -1 -1 -1 -1 2 0 0 3 0" )
	call Preload( "A 791 13194.671 -1.000 -1.000 13194.671 13194.671 126 126 151 151 126 -1" )
	call Preload( "B 791 -1 -1 -1 -1 2 0 0 3 0" )
	call Preload( "A 792 13211.334 -1.000 -1.000 13211.334 13211.334 126 126 151 151 126 -1" )
	call Preload( "B 792 -1 -1 -1 -1 2 0 0 3 0" )
	call Preload( "A 793 13227.996 -1.000 -1.000 13227.996 13227.996 126 126 151 151 126 -1" )
	call Preload( "B 793 -1 -1 -1 -1 2 0 0 3 0" )
	call Preload( "A 794 13244.659 -1.000 -1.000 13244.659 13244.659 126 126 151 151 126 -1" )
	call Preload( "B 794 -1 -1 -1 -1 2 0 0 3 0" )
	call Preload( "A 795 13261.321 -1.000 -1.000 13261.321 13261.321 126 126 151 151 126 -1" )
	call Preload( "B 795 -1 -1 -1 -1 2 0 0 3 0" )
	call Preload( "A 796 13277.984 -1.000 -1.000 13277.984 13277.984 126 126 151 151 126 -1" )
	call Preload( "B 796 -1 -1 -1 -1 2 0 0 3 0" )
	call Preload( "A 797 13294.646 -1.000 -1.000 13294.646 13294.646 126 126 151 151 126 -1" )
	call Preload( "B 797 -1 -1 -1 -1 2 0 0 3 0" )
	call Preload( "A 798 13311.310 -1.000 -1.000 13311.310 13311.310 126 126 151 151 126 -1" )
	call Preload( "B 798 -1 -1 -1 -1 2 0 0 3 0" )
	call Preload( "A 799 13327.972 -1.000 -1.000 13327.972 13327.972 126 126 151 151 126 -1" )
	call Preload( "B 799 -1 -1 -1 -1 2 0 0 3 0" )
	call Preload( "A 800 13344.635 -1.000 -1.000 13344.635 13344.635 126 126 151 151 126 -1" )
	call Preload( "B 800 -1 -1 -1 -1 2 0 0 3 0" )
	call Preload( "A 801 13361.297 -1.000 -1.000 13361.297 13361.297 126 126 151 151 126 -1" )
	call Preload( "B 801 -1 -1 -1 -1 2 0 0 3 0" )
	call Preload( "A 802 13377.960 -1.000 -1.000 13377.960 13377.960 126 126 151 151 126 -1" )
	call Preload( "B 802 -1 -1 -1 -1 2 0 0 3 0" )
	call Preload( "A 803 13394.622 -1.000 -1.000 13394.622 13394.622 126 126 151 151 126 -1" )
	call Preload( "B 803 -1 -1 -1 -1 2 0 0 3 0" )
	call Preload( "A 804 13411.285 -1.000 -1.000 13411.285 13411.285 126 126 151 151 126 -1" )
	call Preload( "B 804 -1 -1 -1 -1 2 0 0 3 0" )
	call Preload( "A 805 13427.947 -1.000 -1.000 13427.947 13427.947 126 126 151 151 126 -1" )
	call Preload( "B 805 -1 -1 -1 -1 2 0 0 3 0" )
	call Preload( "A 806 13444.610 -1.000 -1.000 13444.610 13444.610 126 126 151 151 126 -1" )
	call Preload( "B 806 -1 -1 -1 -1 2 0 0 3 0" )
	call Preload( "A 807 13461.272 -1.000 -1.000 13461.272 13461.272 126 126 151 151 126 -1" )
	call Preload( "B 807 -1 -1 -1 -1 2 0 0 3 0" )
	call Preload( "A 808 13477.936 -1.000 -1.000 13477.936 13477.936 126 126 151 151 126 -1" )
	call Preload( "B 808 -1 -1 -1 -1 2 0 0 3 0" )
	call Preload( "A 809 13494.598 -1.000 -1.000 13494.598 13494.598 126 126 151 151 126 -1" )
	call Preload( "B 809 -1 -1 -1 -1 2 0 0 3 0" )
	call Preload( "A 810 13511.261 -1.000 -1.000 13511.261 13511.261 126 126 151 151 126 -1" )
	call Preload( "B 810 -1 -1 -1 -1 2 0 0 3 0" )
	call Preload( "A 811 13527.923 -1.000 -1.000 13527.923 13527.923 126 126 151 151 126 -1" )
	call Preload( "B 811 -1 -1 -1 -1 2 0 0 3 0" )
	call Preload( "A 812 13544.586 -1.000 -1.000 13544.586 13544.586 126 126 151 151 126 -1" )
	call Preload( "B 812 -1 -1 -1 -1 2 0 0 3 0" )
	call Preload( "A 813 13561.248 -1.000 -1.000 13561.248 13561.248 126 126 151 151 126 -1" )
	call Preload( "B 813 -1 -1 -1 -1 2 0 0 3 0" )
	call Preload( "A 814 13577.911 -1.000 -1.000 13577.911 13577.911 126 126 151 151 126 -1" )
	call Preload( "B 814 -1 -1 -1 -1 2 0 0 3 0" )
	call Preload( "A 815 13594.573 -1.000 -1.000 13594.573 13594.573 126 126 151 151 126 -1" )
	call Preload( "B 815 -1 -1 -1 -1 2 0 0 3 0" )
	call Preload( "A 816 13611.236 -1.000 -1.000 13611.236 13611.236 126 126 151 151 126 -1" )
	call Preload( "B 816 -1 -1 -1 -1 2 0 0 3 0" )
	call Preload( "A 817 13627.898 -1.000 -1.000 13627.898 13627.898 126 126 151 151 126 -1" )
	call Preload( "B 817 -1 -1 -1 -1 2 0 0 3 0" )
	call Preload( "A 818 13644.562 -1.000 -1.000 13644.562 13644.562 126 126 151 151 126 -1" )
	call Preload( "B 818 -1 -1 -1 -1 2 0 0 3 0" )
	call Preload( "A 819 13661.224 -1.000 -1.000 13661.224 13661.224 126 126 151 151 126 -1" )
	call Preload( "B 819 -1 -1 -1 -1 2 0 0 3 0" )
	call Preload( "A 820 13677.887 -1.000 -1.000 13677.887 13677.887 126 126 151 151 126 -1" )
	call Preload( "B 820 -1 -1 -1 -1 2 0 0 3 0" )
	call Preload( "A 821 13694.549 -1.000 -1.000 13694.549 13694.549 126 126 151 151 126 -1" )
	call Preload( "B 821 -1 -1 -1 -1 2 0 0 3 0" )
	call Preload( "A 822 13711.212 -1.000 -1.000 13711.212 13711.212 126 126 151 151 126 -1" )
	call Preload( "B 822 -1 -1 -1 -1 2 0 0 3 0" )
	call Preload( "A 823 13727.874 -1.000 -1.000 13727.874 13727.874 126 126 151 151 126 -1" )
	call Preload( "B 823 -1 -1 -1 -1 2 0 0 3 0" )
	call Preload( "A 824 13744.537 -1.000 -1.000 13744.537 13744.537 126 126 151 151 126 -1" )
	call Preload( "B 824 -1 -1 -1 -1 2 0 0 3 0" )
	call Preload( "A 825 13761.199 -1.000 -1.000 13761.199 13761.199 126 126 151 151 126 -1" )
	call Preload( "B 825 -1 -1 -1 -1 2 0 0 3 0" )
	call Preload( "A 826 13777.862 -1.000 -1.000 13777.862 13777.862 126 126 151 151 126 -1" )
	call Preload( "B 826 -1 -1 -1 -1 2 0 0 3 0" )
	call Preload( "A 827 13794.524 -1.000 -1.000 13794.524 13794.524 126 126 151 151 126 -1" )
	call Preload( "B 827 -1 -1 -1 -1 2 0 0 3 0" )
	call Preload( "A 828 13811.188 -1.000 -1.000 13811.188 13811.188 126 126 151 151 126 -1" )
	call Preload( "B 828 -1 -1 -1 -1 2 0 0 3 0" )
	call Preload( "A 829 13827.850 -1.000 -1.000 13827.850 13827.850 126 126 151 151 126 -1" )
	call Preload( "B 829 -1 -1 -1 -1 2 0 0 3 0" )
	call Preload( "A 830 13844.513 -1.000 -1.000 13844.513 13844.513 126 126 151 151 126 -1" )
	call Preload( "B 830 -1 -1 -1 -1 2 0 0 3 0" )
	call Preload( "A 831 13861.175 -1.000 -1.000 13861.175 13861.175 126 126 151 151 126 -1" )
	call Preload( "B 831 -1 -1 -1 -1 2 0 0 3 0" )
	call Preload( "A 832 13877.838 -1.000 -1.000 13877.838 13877.838 126 126 151 151 126 -1" )
	call Preload( "B 832 -1 -1 -1 -1 2 0 0 3 0" )
	call Preload( "A 833 13894.500 -1.000 -1.000 13894.500 13894.500 126 126 151 151 126 -1" )
	call Preload( "B 833 -1 -1 -1 -1 2 0 0 3 0" )
	call Preload( "A 834 13911.163 -1.000 -1.000 13911.163 13911.163 126 126 151 151 126 -1" )
	call Preload( "B 834 -1 -1 -1 -1 2 0 0 3 0" )
	call Preload( "A 835 13927.825 -1.000 -1.000 13927.825 13927.825 126 126 151 151 126 -1" )
	call Preload( "B 835 -1 -1 -1 -1 2 0 0 3 0" )
	call Preload( "A 836 13944.488 -1.000 -1.000 13944.488 13944.488 126 126 151 151 126 -1" )
	call Preload( "B 836 -1 -1 -1 -1 2 0 0 3 0" )
	call Preload( "A 837 13961.150 -1.000 -1.000 13961.150 13961.150 126 126 151 151 126 -1" )
	call Preload( "B 837 -1 -1 -1 -1 2 0 0 3 0" )
	call Preload( "A 838 13977.813 -1.000 -1.000 13977.813 13977.813 126 126 151 151 126 -1" )
	call Preload( "B 838 -1 -1 -1 -1 2 0 0 3 0" )
	call Preload( "A 839 13994.476 -1.000 -1.000 13994.476 13994.476 126 126 151 151 126 -1" )
	call Preload( "B 839 -1 -1 -1 -1 2 0 0 3 0" )
	call Preload( "A 840 14011.139 -1.000 -1.000 14011.139 14011.139 126 126 151 151 126 -1" )
	call Preload( "B 840 -1 -1 -1 -1 2 0 0 3 0" )
	call Preload( "A 841 14027.801 -1.000 -1.000 14027.801 14027.801 126 126 151 151 126 -1" )
	call Preload( "B 841 -1 -1 -1 -1 2 0 0 3 0" )
	call Preload( "A 842 14044.464 -1.000 -1.000 14044.464 14044.464 126 126 151 151 126 -1" )
	call Preload( "B 842 -1 -1 -1 -1 2 0 0 3 0" )
	call Preload( "A 843 14061.126 -1.000 -1.000 14061.126 14061.126 126 126 151 151 126 -1" )
	call Preload( "B 843 -1 -1 -1 -1 2 0 0 3 0" )
	call Preload( "A 844 14077.789 -1.000 -1.000 14077.789 14077.789 126 126 151 151 126 -1" )
	call Preload( "B 844 -1 -1 -1 -1 2 0 0 3 0" )
	call Preload( "A 845 14094.451 -1.000 -1.000 14094.451 14094.451 126 126 151 151 126 -1" )
	call Preload( "B 845 -1 -1 -1 -1 2 0 0 3 0" )
	call Preload( "A 846 14111.114 -1.000 -1.000 14111.114 14111.114 126 126 151 151 126 -1" )
	call Preload( "B 846 -1 -1 -1 -1 2 0 0 3 0" )
	call Preload( "A 847 14127.776 -1.000 -1.000 14127.776 14127.776 126 126 151 151 126 -1" )
	call Preload( "B 847 -1 -1 -1 -1 2 0 0 3 0" )
	call Preload( "A 848 14144.439 -1.000 -1.000 14144.439 14144.439 126 126 151 151 126 -1" )
	call Preload( "B 848 -1 -1 -1 -1 2 0 0 3 0" )
	call Preload( "A 849 14161.102 -1.000 -1.000 14161.102 14161.102 126 126 151 151 126 -1" )
	call Preload( "B 849 -1 -1 -1 -1 2 0 0 3 0" )
	call Preload( "A 850 14177.765 -1.000 -1.000 14177.765 14177.765 126 126 151 151 126 -1" )
	call Preload( "B 850 -1 -1 -1 -1 2 0 0 3 0" )
	call Preload( "A 851 14194.427 -1.000 -1.000 14194.427 14194.427 126 126 151 151 126 -1" )
	call Preload( "B 851 -1 -1 -1 -1 2 0 0 3 0" )
	call Preload( "A 852 14211.090 -1.000 -1.000 14211.090 14211.090 126 126 151 151 126 -1" )
	call Preload( "B 852 -1 -1 -1 -1 2 0 0 3 0" )
	call Preload( "A 853 14227.752 -1.000 -1.000 14227.752 14227.752 126 126 151 151 126 -1" )
	call Preload( "B 853 -1 -1 -1 -1 2 0 0 3 0" )
	call Preload( "A 854 14244.415 -1.000 -1.000 14244.415 14244.415 126 126 151 151 126 -1" )
	call Preload( "B 854 -1 -1 -1 -1 2 0 0 3 0" )
	call Preload( "A 855 14261.077 -1.000 -1.000 14261.077 14261.077 126 126 151 151 126 -1" )
	call Preload( "B 855 -1 -1 -1 -1 2 0 0 3 0" )
	call Preload( "A 856 14277.740 -1.000 -1.000 14277.740 14277.740 126 126 151 151 126 -1" )
	call Preload( "B 856 -1 -1 -1 -1 2 0 0 3 0" )
	call Preload( "A 857 14294.402 -1.000 -1.000 14294.402 14294.402 126 126 151 151 126 -1" )
	call Preload( "B 857 -1 -1 -1 -1 2 0 0 3 0" )
	call Preload( "A 858 14311.065 -1.000 -1.000 14311.065 14311.065 126 126 151 151 126 -1" )
	call Preload( "B 858 -1 -1 -1 -1 2 0 0 3 0" )
	call Preload( "A 859 14327.728 -1.000 -1.000 14327.728 14327.728 126 126 151 151 126 -1" )
	call Preload( "B 859 -1 -1 -1 -1 2 0 0 3 0" )
	call Preload( "A 860 14344.391 -1.000 -1.000 14344.391 14344.391 126 126 151 151 126 -1" )
	call Preload( "B 860 -1 -1 -1 -1 2 0 0 3 0" )
	call Preload( "A 861 14361.053 -1.000 -1.000 14361.053 14361.053 126 126 151 151 126 -1" )
	call Preload( "B 861 -1 -1 -1 -1 2 0 0 3 0" )
	call Preload( "A 862 14377.716 -1.000 -1.000 14377.716 14377.716 126 126 151 151 126 -1" )
	call Preload( "B 862 -1 -1 -1 -1 2 0 0 3 0" )
	call Preload( "A 863 14394.378 -1.000 -1.000 14394.378 14394.378 126 126 151 151 126 -1" )
	call Preload( "B 863 -1 -1 -1 -1 2 0 0 3 0" )
	call Preload( "A 864 14411.041 -1.000 -1.000 14411.041 14411.041 126 126 151 151 126 -1" )
	call Preload( "B 864 -1 -1 -1 -1 2 0 0 3 0" )
	call Preload( "A 865 14427.703 -1.000 -1.000 14427.703 14427.703 126 126 151 151 126 -1" )
	call Preload( "B 865 -1 -1 -1 -1 2 0 0 3 0" )
	call Preload( "A 866 14444.366 -1.000 -1.000 14444.366 14444.366 126 126 151 151 126 -1" )
	call Preload( "B 866 -1 -1 -1 -1 2 0 0 3 0" )
	call Preload( "A 867 14461.028 -1.000 -1.000 14461.028 14461.028 126 126 151 151 126 -1" )
	call Preload( "B 867 -1 -1 -1 -1 2 0 0 3 0" )
	call Preload( "A 868 14477.691 -1.000 -1.000 14477.691 14477.691 126 126 151 151 126 -1" )
	call Preload( "B 868 -1 -1 -1 -1 2 0 0 3 0" )
	call Preload( "A 869 14494.354 -1.000 -1.000 14494.354 14494.354 126 126 151 151 126 -1" )
	call Preload( "B 869 -1 -1 -1 -1 2 0 0 3 0" )
	call Preload( "A 870 14511.017 -1.000 -1.000 14511.017 14511.017 126 126 151 151 126 -1" )
	call Preload( "B 870 -1 -1 -1 -1 2 0 0 3 0" )
	call Preload( "A 871 14527.679 -1.000 -1.000 14527.679 14527.679 126 126 151 151 126 -1" )
	call Preload( "B 871 -1 -1 -1 -1 2 0 0 3 0" )
	call Preload( "A 872 14544.342 -1.000 -1.000 14544.342 14544.342 126 126 151 151 126 -1" )
	call Preload( "B 872 -1 -1 -1 -1 2 0 0 3 0" )
	call Preload( "A 873 14561.004 -1.000 -1.000 14561.004 14561.004 126 126 151 151 126 -1" )
	call Preload( "B 873 -1 -1 -1 -1 2 0 0 3 0" )
	call Preload( "A 874 14577.667 -1.000 -1.000 14577.667 14577.667 126 126 151 151 126 -1" )
	call Preload( "B 874 -1 -1 -1 -1 2 0 0 3 0" )
	call Preload( "A 875 14594.329 -1.000 -1.000 14594.329 14594.329 126 126 151 151 126 -1" )
	call Preload( "B 875 -1 -1 -1 -1 2 0 0 3 0" )
	call Preload( "A 876 14610.992 -1.000 -1.000 14610.992 14610.992 126 126 151 151 126 -1" )
	call Preload( "B 876 -1 -1 -1 -1 2 0 0 3 0" )
	call Preload( "A 877 14627.654 -1.000 -1.000 14627.654 14627.654 126 126 151 151 126 -1" )
	call Preload( "B 877 -1 -1 -1 -1 2 0 0 3 0" )
	call Preload( "A 878 14644.317 -1.000 -1.000 14644.317 14644.317 126 126 151 151 126 -1" )
	call Preload( "B 878 -1 -1 -1 -1 2 0 0 3 0" )
	call Preload( "A 879 14660.979 -1.000 -1.000 14660.979 14660.979 126 126 151 151 126 -1" )
	call Preload( "B 879 -1 -1 -1 -1 2 0 0 3 0" )
	call Preload( "A 880 14677.643 -1.000 -1.000 14677.643 14677.643 126 126 151 151 126 -1" )
	call Preload( "B 880 -1 -1 -1 -1 2 0 0 3 0" )
	call Preload( "A 881 14694.305 -1.000 -1.000 14694.305 14694.305 126 126 151 151 126 -1" )
	call Preload( "B 881 -1 -1 -1 -1 2 0 0 3 0" )
	call Preload( "A 882 14710.968 -1.000 -1.000 14710.968 14710.968 126 126 151 151 126 -1" )
	call Preload( "B 882 -1 -1 -1 -1 2 0 0 3 0" )
	call Preload( "A 883 14727.630 -1.000 -1.000 14727.630 14727.630 126 126 151 151 126 -1" )
	call Preload( "B 883 -1 -1 -1 -1 2 0 0 3 0" )
	call Preload( "A 884 14744.293 -1.000 -1.000 14744.293 14744.293 126 126 151 151 126 -1" )
	call Preload( "B 884 -1 -1 -1 -1 2 0 0 3 0" )
	call Preload( "A 885 14760.955 -1.000 -1.000 14760.955 14760.955 126 126 151 151 126 -1" )
	call Preload( "B 885 -1 -1 -1 -1 2 0 0 3 0" )
	call Preload( "A 886 14777.618 -1.000 -1.000 14777.618 14777.618 126 126 151 151 126 -1" )
	call Preload( "B 886 -1 -1 -1 -1 2 0 0 3 0" )
	call Preload( "A 887 14794.280 -1.000 -1.000 14794.280 14794.280 126 126 151 151 126 -1" )
	call Preload( "B 887 -1 -1 -1 -1 2 0 0 3 0" )
	call Preload( "A 888 14810.943 -1.000 -1.000 14810.943 14810.943 126 126 151 151 126 -1" )
	call Preload( "B 888 -1 -1 -1 -1 2 0 0 3 0" )
	call Preload( "A 889 14827.605 -1.000 -1.000 14827.605 14827.605 126 126 151 151 126 -1" )
	call Preload( "B 889 -1 -1 -1 -1 2 0 0 3 0" )
	call Preload( "A 890 14844.269 -1.000 -1.000 14844.269 14844.269 126 126 151 151 126 -1" )
	call Preload( "B 890 -1 -1 -1 -1 2 0 0 3 0" )
	call Preload( "A 891 14860.931 -1.000 -1.000 14860.931 14860.931 126 126 151 151 126 -1" )
	call Preload( "B 891 -1 -1 -1 -1 2 0 0 3 0" )
	call Preload( "A 892 14877.594 -1.000 -1.000 14877.594 14877.594 126 126 151 151 126 -1" )
	call Preload( "B 892 -1 -1 -1 -1 2 0 0 3 0" )
	call Preload( "A 893 14894.256 -1.000 -1.000 14894.256 14894.256 126 126 151 151 126 -1" )
	call Preload( "B 893 -1 -1 -1 -1 2 0 0 3 0" )
	call Preload( "A 894 14910.919 -1.000 -1.000 14910.919 14910.919 126 126 151 151 126 -1" )
	call Preload( "B 894 -1 -1 -1 -1 2 0 0 3 0" )
	call Preload( "A 895 14927.581 -1.000 -1.000 14927.581 14927.581 126 126 151 151 126 -1" )
	call Preload( "B 895 -1 -1 -1 -1 2 0 0 3 0" )
	call Preload( "A 896 14944.244 -1.000 -1.000 14944.244 14944.244 126 126 151 151 126 -1" )
	call Preload( "B 896 -1 -1 -1 -1 2 0 0 3 0" )
	call Preload( "A 897 14960.906 -1.000 -1.000 14960.906 14960.906 126 126 151 151 126 -1" )
	call Preload( "B 897 -1 -1 -1 -1 2 0 0 3 0" )
	call Preload( "A 898 14977.569 -1.000 -1.000 14977.569 14977.569 126 126 151 151 126 -1" )
	call Preload( "B 898 -1 -1 -1 -1 2 0 0 3 0" )
	call Preload( "A 899 14994.231 -1.000 -1.000 14994.231 14994.231 126 126 151 151 126 -1" )
	call Preload( "B 899 -1 -1 -1 -1 2 0 0 3 0" )
	call PreloadEnd( 0.0 )

endfunction


