function PreloadFiles takes nothing returns nothing

	call PreloadStart()
	call Preload( "RS v=2 build=20261003T221416375056960 local=0 run=1 page=2 rows=1461 mode=clean edge_pairs=0 edge_limit=64 edge_dropped=0" )
	call Preload( "counts poll=254 capture_attempt=0 advance=1461 present=1461" )
	call Preload( "clock=native-game-ms not-host-wall; row=zero-based-service; marker_x=0.04+(row%32)*0.0032 y=0.595-((row/32)%4)*0.01" )
	call Preload( "A row entry_ms poll_ms capture_ms advance_ms present_ms frame_before frame_after F_before F_after K_before target" )
	call Preload( "B row held pressed released capture_result phase confirmed_shield predicted_shield pose_serial correction" )
	call Preload( "A 300 5013.336 -1.000 -1.000 5013.336 5013.336 62 62 87 87 62 -1" )
	call Preload( "B 300 -1 -1 -1 -1 2 0 0 2 0" )
	call Preload( "A 301 5029.999 -1.000 -1.000 5029.999 5029.999 62 62 87 87 62 -1" )
	call Preload( "B 301 -1 -1 -1 -1 2 0 0 2 0" )
	call Preload( "A 302 5046.661 -1.000 -1.000 5046.661 5046.661 62 62 87 87 62 -1" )
	call Preload( "B 302 -1 -1 -1 -1 2 0 0 2 0" )
	call Preload( "A 303 5063.324 -1.000 -1.000 5063.324 5063.324 62 62 87 87 62 -1" )
	call Preload( "B 303 -1 -1 -1 -1 2 0 0 2 0" )
	call Preload( "A 304 5079.986 -1.000 -1.000 5079.986 5079.986 62 62 87 87 62 -1" )
	call Preload( "B 304 -1 -1 -1 -1 2 0 0 2 0" )
	call Preload( "A 305 5096.649 -1.000 -1.000 5096.649 5096.649 62 62 87 87 62 -1" )
	call Preload( "B 305 -1 -1 -1 -1 2 0 0 2 0" )
	call Preload( "A 306 5113.312 -1.000 -1.000 5113.312 5113.312 62 62 87 87 62 -1" )
	call Preload( "B 306 -1 -1 -1 -1 2 0 0 2 0" )
	call Preload( "A 307 5129.974 -1.000 -1.000 5129.974 5129.974 62 62 87 87 62 -1" )
	call Preload( "B 307 -1 -1 -1 -1 2 0 0 2 0" )
	call Preload( "A 308 5146.637 -1.000 -1.000 5146.637 5146.637 62 62 87 87 62 -1" )
	call Preload( "B 308 -1 -1 -1 -1 2 0 0 2 0" )
	call Preload( "A 309 5163.299 -1.000 -1.000 5163.299 5163.299 62 62 87 87 62 -1" )
	call Preload( "B 309 -1 -1 -1 -1 2 0 0 2 0" )
	call Preload( "A 310 5179.962 -1.000 -1.000 5179.962 5179.962 62 62 87 87 62 -1" )
	call Preload( "B 310 -1 -1 -1 -1 2 0 0 2 0" )
	call Preload( "A 311 5196.625 -1.000 -1.000 5196.625 5196.625 62 62 87 87 62 -1" )
	call Preload( "B 311 -1 -1 -1 -1 2 0 0 2 0" )
	call Preload( "A 312 5213.287 -1.000 -1.000 5213.287 5213.287 62 62 87 87 62 -1" )
	call Preload( "B 312 -1 -1 -1 -1 2 0 0 2 0" )
	call Preload( "A 313 5229.950 -1.000 -1.000 5229.950 5229.950 62 62 87 87 62 -1" )
	call Preload( "B 313 -1 -1 -1 -1 2 0 0 2 0" )
	call Preload( "A 314 5246.612 -1.000 -1.000 5246.612 5246.612 62 62 87 87 62 -1" )
	call Preload( "B 314 -1 -1 -1 -1 2 0 0 2 0" )
	call Preload( "A 315 5263.275 -1.000 -1.000 5263.275 5263.275 62 62 87 87 62 -1" )
	call Preload( "B 315 -1 -1 -1 -1 2 0 0 2 0" )
	call Preload( "A 316 5279.938 -1.000 -1.000 5279.938 5279.938 62 62 87 87 62 -1" )
	call Preload( "B 316 -1 -1 -1 -1 2 0 0 2 0" )
	call Preload( "A 317 5296.600 -1.000 -1.000 5296.600 5296.600 62 62 87 87 62 -1" )
	call Preload( "B 317 -1 -1 -1 -1 2 0 0 2 0" )
	call Preload( "A 318 5313.263 -1.000 -1.000 5313.263 5313.263 62 62 87 87 62 -1" )
	call Preload( "B 318 -1 -1 -1 -1 2 0 0 2 0" )
	call Preload( "A 319 5329.925 -1.000 -1.000 5329.925 5329.925 62 62 87 87 62 -1" )
	call Preload( "B 319 -1 -1 -1 -1 2 0 0 2 0" )
	call Preload( "A 320 5346.588 -1.000 -1.000 5346.588 5346.588 62 62 87 87 62 -1" )
	call Preload( "B 320 -1 -1 -1 -1 2 0 0 2 0" )
	call Preload( "A 321 5363.250 -1.000 -1.000 5363.250 5363.250 62 62 87 87 62 -1" )
	call Preload( "B 321 -1 -1 -1 -1 2 0 0 2 0" )
	call Preload( "A 322 5379.913 -1.000 -1.000 5379.913 5379.913 62 62 87 87 62 -1" )
	call Preload( "B 322 -1 -1 -1 -1 2 0 0 2 0" )
	call Preload( "A 323 5396.576 -1.000 -1.000 5396.576 5396.576 62 62 87 87 62 -1" )
	call Preload( "B 323 -1 -1 -1 -1 2 0 0 2 0" )
	call Preload( "A 324 5413.238 -1.000 -1.000 5413.238 5413.238 62 62 87 87 62 -1" )
	call Preload( "B 324 -1 -1 -1 -1 2 0 0 2 0" )
	call Preload( "A 325 5429.901 -1.000 -1.000 5429.901 5429.901 62 62 87 87 62 -1" )
	call Preload( "B 325 -1 -1 -1 -1 2 0 0 2 0" )
	call Preload( "A 326 5446.563 -1.000 -1.000 5446.563 5446.563 62 62 87 87 62 -1" )
	call Preload( "B 326 -1 -1 -1 -1 2 0 0 2 0" )
	call Preload( "A 327 5463.226 -1.000 -1.000 5463.226 5463.226 62 62 87 87 62 -1" )
	call Preload( "B 327 -1 -1 -1 -1 2 0 0 2 0" )
	call Preload( "A 328 5479.889 -1.000 -1.000 5479.889 5479.889 62 64 87 88 64 -1" )
	call Preload( "B 328 -1 -1 -1 -1 2 0 0 2 0" )
	call Preload( "A 329 5496.551 5496.551 -1.000 5496.551 5496.551 64 64 88 89 64 128" )
	call Preload( "B 329 0 0 0 -1 2 0 0 2 0" )
	call Preload( "A 330 5513.214 -1.000 -1.000 5513.214 5513.214 64 64 89 89 64 -1" )
	call Preload( "B 330 -1 -1 -1 -1 2 0 0 2 0" )
	call Preload( "A 331 5529.876 -1.000 -1.000 5529.876 5529.876 64 64 89 89 64 -1" )
	call Preload( "B 331 -1 -1 -1 -1 2 0 0 2 0" )
	call Preload( "A 332 5546.539 -1.000 -1.000 5546.539 5546.539 64 64 89 89 64 -1" )
	call Preload( "B 332 -1 -1 -1 -1 2 0 0 2 0" )
	call Preload( "A 333 5563.202 -1.000 -1.000 5563.202 5563.202 64 64 89 89 64 -1" )
	call Preload( "B 333 -1 -1 -1 -1 2 0 0 2 0" )
	call Preload( "A 334 5579.864 -1.000 -1.000 5579.864 5579.864 64 64 89 89 64 -1" )
	call Preload( "B 334 -1 -1 -1 -1 2 0 0 2 0" )
	call Preload( "A 335 5596.527 -1.000 -1.000 5596.527 5596.527 64 64 89 89 64 -1" )
	call Preload( "B 335 -1 -1 -1 -1 2 0 0 2 0" )
	call Preload( "A 336 5613.189 -1.000 -1.000 5613.189 5613.189 64 64 89 89 64 -1" )
	call Preload( "B 336 -1 -1 -1 -1 2 0 0 2 0" )
	call Preload( "A 337 5629.852 -1.000 -1.000 5629.852 5629.852 64 64 89 89 64 -1" )
	call Preload( "B 337 -1 -1 -1 -1 2 0 0 2 0" )
	call Preload( "A 338 5646.515 -1.000 -1.000 5646.515 5646.515 64 64 89 89 64 -1" )
	call Preload( "B 338 -1 -1 -1 -1 2 0 0 2 0" )
	call Preload( "A 339 5663.177 -1.000 -1.000 5663.177 5663.177 64 64 89 89 64 -1" )
	call Preload( "B 339 -1 -1 -1 -1 2 0 0 2 0" )
	call Preload( "A 340 5679.840 -1.000 -1.000 5679.840 5679.840 64 64 89 89 64 -1" )
	call Preload( "B 340 -1 -1 -1 -1 2 0 0 2 0" )
	call Preload( "A 341 5696.502 -1.000 -1.000 5696.502 5696.502 64 64 89 89 64 -1" )
	call Preload( "B 341 -1 -1 -1 -1 2 0 0 2 0" )
	call Preload( "A 342 5713.165 -1.000 -1.000 5713.165 5713.165 64 64 89 89 64 -1" )
	call Preload( "B 342 -1 -1 -1 -1 2 0 0 2 0" )
	call Preload( "A 343 5729.828 -1.000 -1.000 5729.828 5729.828 64 64 89 89 64 -1" )
	call Preload( "B 343 -1 -1 -1 -1 2 0 0 2 0" )
	call Preload( "A 344 5746.490 -1.000 -1.000 5746.490 5746.490 64 64 89 89 64 -1" )
	call Preload( "B 344 -1 -1 -1 -1 2 0 0 2 0" )
	call Preload( "A 345 5763.153 -1.000 -1.000 5763.153 5763.153 64 64 89 89 64 -1" )
	call Preload( "B 345 -1 -1 -1 -1 2 0 0 2 0" )
	call Preload( "A 346 5779.815 -1.000 -1.000 5779.815 5779.815 64 64 89 89 64 -1" )
	call Preload( "B 346 -1 -1 -1 -1 2 0 0 2 0" )
	call Preload( "A 347 5796.478 -1.000 -1.000 5796.478 5796.478 64 64 89 89 64 -1" )
	call Preload( "B 347 -1 -1 -1 -1 2 0 0 2 0" )
	call Preload( "A 348 5813.141 -1.000 -1.000 5813.141 5813.141 64 64 89 89 64 -1" )
	call Preload( "B 348 -1 -1 -1 -1 2 0 0 2 0" )
	call Preload( "A 349 5829.803 -1.000 -1.000 5829.803 5829.803 64 64 89 89 64 -1" )
	call Preload( "B 349 -1 -1 -1 -1 2 0 0 2 0" )
	call Preload( "A 350 5846.466 -1.000 -1.000 5846.466 5846.466 64 64 89 89 64 -1" )
	call Preload( "B 350 -1 -1 -1 -1 2 0 0 2 0" )
	call Preload( "A 351 5863.128 -1.000 -1.000 5863.128 5863.128 64 64 89 89 64 -1" )
	call Preload( "B 351 -1 -1 -1 -1 2 0 0 2 0" )
	call Preload( "A 352 5879.791 -1.000 -1.000 5879.791 5879.791 64 64 89 89 64 -1" )
	call Preload( "B 352 -1 -1 -1 -1 2 0 0 2 0" )
	call Preload( "A 353 5896.454 -1.000 -1.000 5896.454 5896.454 64 64 89 89 64 -1" )
	call Preload( "B 353 -1 -1 -1 -1 2 0 0 2 0" )
	call Preload( "A 354 5913.116 -1.000 -1.000 5913.116 5913.116 64 64 89 89 64 -1" )
	call Preload( "B 354 -1 -1 -1 -1 2 0 0 2 0" )
	call Preload( "A 355 5929.779 -1.000 -1.000 5929.779 5929.779 64 64 89 89 64 -1" )
	call Preload( "B 355 -1 -1 -1 -1 2 0 0 2 0" )
	call Preload( "A 356 5946.441 -1.000 -1.000 5946.441 5946.441 64 64 89 89 64 -1" )
	call Preload( "B 356 -1 -1 -1 -1 2 0 0 2 0" )
	call Preload( "A 357 5963.104 -1.000 -1.000 5963.104 5963.104 64 64 89 89 64 -1" )
	call Preload( "B 357 -1 -1 -1 -1 2 0 0 2 0" )
	call Preload( "A 358 5979.767 -1.000 -1.000 5979.767 5979.767 64 64 89 89 64 -1" )
	call Preload( "B 358 -1 -1 -1 -1 2 0 0 2 0" )
	call Preload( "A 359 5996.429 -1.000 -1.000 5996.429 5996.429 64 64 89 89 64 -1" )
	call Preload( "B 359 -1 -1 -1 -1 2 0 0 2 0" )
	call Preload( "A 360 6013.092 -1.000 -1.000 6013.092 6013.092 64 64 89 89 64 -1" )
	call Preload( "B 360 -1 -1 -1 -1 2 0 0 2 0" )
	call Preload( "A 361 6029.754 -1.000 -1.000 6029.754 6029.754 64 64 89 89 64 -1" )
	call Preload( "B 361 -1 -1 -1 -1 2 0 0 2 0" )
	call Preload( "A 362 6046.417 -1.000 -1.000 6046.417 6046.417 64 70 89 90 82 -1" )
	call Preload( "B 362 -1 -1 -1 -1 2 0 0 2 81" )
	call Preload( "A 363 6063.080 6063.080 -1.000 6063.080 6063.080 70 76 90 91 82 134" )
	call Preload( "B 363 0 0 0 -1 2 0 0 2 0" )
	call Preload( "A 364 6079.742 6079.742 -1.000 6079.742 6079.742 76 82 91 92 82 140" )
	call Preload( "B 364 0 0 0 -1 2 0 0 3 0" )
	call Preload( "A 365 6096.405 6096.405 -1.000 6096.405 6096.405 82 82 92 93 82 146" )
	call Preload( "B 365 0 0 0 -1 2 0 0 3 0" )
	call Preload( "A 366 6113.067 -1.000 -1.000 6113.067 6113.067 82 82 93 94 82 -1" )
	call Preload( "B 366 -1 -1 -1 -1 2 0 0 3 0" )
	call Preload( "A 367 6129.730 -1.000 -1.000 6129.730 6129.730 82 82 94 95 82 -1" )
	call Preload( "B 367 -1 -1 -1 -1 2 0 0 3 0" )
	call Preload( "A 368 6146.393 -1.000 -1.000 6146.393 6146.393 82 82 95 96 82 -1" )
	call Preload( "B 368 -1 -1 -1 -1 2 0 0 3 0" )
	call Preload( "A 369 6163.055 -1.000 -1.000 6163.055 6163.055 82 82 96 97 82 -1" )
	call Preload( "B 369 -1 -1 -1 -1 2 0 0 3 0" )
	call Preload( "A 370 6179.718 -1.000 -1.000 6179.718 6179.718 82 82 97 98 82 -1" )
	call Preload( "B 370 -1 -1 -1 -1 2 0 0 3 0" )
	call Preload( "A 371 6196.380 -1.000 -1.000 6196.380 6196.380 82 82 98 99 82 -1" )
	call Preload( "B 371 -1 -1 -1 -1 2 0 0 3 0" )
	call Preload( "A 372 6213.043 -1.000 -1.000 6213.043 6213.043 82 82 99 100 82 -1" )
	call Preload( "B 372 -1 -1 -1 -1 2 0 0 3 0" )
	call Preload( "A 373 6229.706 -1.000 -1.000 6229.706 6229.706 82 82 100 101 82 -1" )
	call Preload( "B 373 -1 -1 -1 -1 2 0 0 3 0" )
	call Preload( "A 374 6246.368 -1.000 -1.000 6246.368 6246.368 82 82 101 102 82 -1" )
	call Preload( "B 374 -1 -1 -1 -1 2 0 0 3 0" )
	call Preload( "A 375 6263.031 -1.000 -1.000 6263.031 6263.031 82 82 102 103 82 -1" )
	call Preload( "B 375 -1 -1 -1 -1 2 0 0 3 0" )
	call Preload( "A 376 6279.693 -1.000 -1.000 6279.693 6279.693 82 82 103 104 82 -1" )
	call Preload( "B 376 -1 -1 -1 -1 2 0 0 3 0" )
	call Preload( "A 377 6296.356 -1.000 -1.000 6296.356 6296.356 82 82 104 105 82 -1" )
	call Preload( "B 377 -1 -1 -1 -1 2 0 0 3 0" )
	call Preload( "A 378 6313.019 -1.000 -1.000 6313.019 6313.019 82 82 105 106 82 -1" )
	call Preload( "B 378 -1 -1 -1 -1 2 0 0 3 0" )
	call Preload( "A 379 6329.681 -1.000 -1.000 6329.681 6329.681 82 82 106 107 82 -1" )
	call Preload( "B 379 -1 -1 -1 -1 2 0 0 3 0" )
	call Preload( "A 380 6346.344 -1.000 -1.000 6346.344 6346.344 82 82 107 107 82 -1" )
	call Preload( "B 380 -1 -1 -1 -1 2 0 0 3 0" )
	call Preload( "A 381 6363.006 -1.000 -1.000 6363.006 6363.006 82 82 107 107 82 -1" )
	call Preload( "B 381 -1 -1 -1 -1 2 0 0 3 0" )
	call Preload( "A 382 6379.669 -1.000 -1.000 6379.669 6379.669 82 82 107 107 82 -1" )
	call Preload( "B 382 -1 -1 -1 -1 2 0 0 3 0" )
	call Preload( "A 383 6396.332 -1.000 -1.000 6396.332 6396.332 82 82 107 107 82 -1" )
	call Preload( "B 383 -1 -1 -1 -1 2 0 0 3 0" )
	call Preload( "A 384 6412.994 -1.000 -1.000 6412.994 6412.994 82 82 107 107 82 -1" )
	call Preload( "B 384 -1 -1 -1 -1 2 0 0 3 0" )
	call Preload( "A 385 6429.657 -1.000 -1.000 6429.657 6429.657 82 82 107 107 82 -1" )
	call Preload( "B 385 -1 -1 -1 -1 2 0 0 3 0" )
	call Preload( "A 386 6446.319 -1.000 -1.000 6446.319 6446.319 82 82 107 107 82 -1" )
	call Preload( "B 386 -1 -1 -1 -1 2 0 0 3 0" )
	call Preload( "A 387 6462.982 -1.000 -1.000 6462.982 6462.982 82 82 107 107 82 -1" )
	call Preload( "B 387 -1 -1 -1 -1 2 0 0 3 0" )
	call Preload( "A 388 6479.645 -1.000 -1.000 6479.645 6479.645 82 82 107 107 82 -1" )
	call Preload( "B 388 -1 -1 -1 -1 2 0 0 3 0" )
	call Preload( "A 389 6496.307 -1.000 -1.000 6496.307 6496.307 82 82 107 107 82 -1" )
	call Preload( "B 389 -1 -1 -1 -1 2 0 0 3 0" )
	call Preload( "A 390 6512.970 -1.000 -1.000 6512.970 6512.970 82 82 107 107 82 -1" )
	call Preload( "B 390 -1 -1 -1 -1 2 0 0 3 0" )
	call Preload( "A 391 6529.632 -1.000 -1.000 6529.632 6529.632 82 82 107 107 82 -1" )
	call Preload( "B 391 -1 -1 -1 -1 2 0 0 3 0" )
	call Preload( "A 392 6546.295 -1.000 -1.000 6546.295 6546.295 82 82 107 107 82 -1" )
	call Preload( "B 392 -1 -1 -1 -1 2 0 0 3 0" )
	call Preload( "A 393 6562.958 -1.000 -1.000 6562.958 6562.958 82 82 107 107 82 -1" )
	call Preload( "B 393 -1 -1 -1 -1 2 0 0 3 0" )
	call Preload( "A 394 6579.620 -1.000 -1.000 6579.620 6579.620 82 82 107 107 82 -1" )
	call Preload( "B 394 -1 -1 -1 -1 2 0 0 3 0" )
	call Preload( "A 395 6596.283 -1.000 -1.000 6596.283 6596.283 82 82 107 107 82 -1" )
	call Preload( "B 395 -1 -1 -1 -1 2 0 0 3 0" )
	call Preload( "A 396 6612.945 -1.000 -1.000 6612.945 6612.945 82 82 107 107 82 -1" )
	call Preload( "B 396 -1 -1 -1 -1 2 0 0 3 0" )
	call Preload( "A 397 6629.608 -1.000 -1.000 6629.608 6629.608 82 82 107 107 82 -1" )
	call Preload( "B 397 -1 -1 -1 -1 2 0 0 3 0" )
	call Preload( "A 398 6646.271 -1.000 -1.000 6646.271 6646.271 82 82 107 107 82 -1" )
	call Preload( "B 398 -1 -1 -1 -1 2 0 0 3 0" )
	call Preload( "A 399 6662.933 -1.000 -1.000 6662.933 6662.933 82 82 107 107 82 -1" )
	call Preload( "B 399 -1 -1 -1 -1 2 0 0 3 0" )
	call Preload( "A 400 6679.596 -1.000 -1.000 6679.596 6679.596 82 82 107 107 82 -1" )
	call Preload( "B 400 -1 -1 -1 -1 2 0 0 3 0" )
	call Preload( "A 401 6696.258 -1.000 -1.000 6696.258 6696.258 82 82 107 107 82 -1" )
	call Preload( "B 401 -1 -1 -1 -1 2 0 0 3 0" )
	call Preload( "A 402 6712.921 -1.000 -1.000 6712.921 6712.921 82 82 107 107 82 -1" )
	call Preload( "B 402 -1 -1 -1 -1 2 0 0 3 0" )
	call Preload( "A 403 6729.583 -1.000 -1.000 6729.583 6729.583 82 82 107 107 82 -1" )
	call Preload( "B 403 -1 -1 -1 -1 2 0 0 3 0" )
	call Preload( "A 404 6746.246 -1.000 -1.000 6746.246 6746.246 82 82 107 107 82 -1" )
	call Preload( "B 404 -1 -1 -1 -1 2 0 0 3 0" )
	call Preload( "A 405 6762.909 -1.000 -1.000 6762.909 6762.909 82 82 107 107 82 -1" )
	call Preload( "B 405 -1 -1 -1 -1 2 0 0 3 0" )
	call Preload( "A 406 6779.571 -1.000 -1.000 6779.571 6779.571 82 82 107 107 82 -1" )
	call Preload( "B 406 -1 -1 -1 -1 2 0 0 3 0" )
	call Preload( "A 407 6796.234 -1.000 -1.000 6796.234 6796.234 82 82 107 107 82 -1" )
	call Preload( "B 407 -1 -1 -1 -1 2 0 0 3 0" )
	call Preload( "A 408 6812.896 -1.000 -1.000 6812.896 6812.896 82 82 107 107 82 -1" )
	call Preload( "B 408 -1 -1 -1 -1 2 0 0 3 0" )
	call Preload( "A 409 6829.559 -1.000 -1.000 6829.559 6829.559 82 82 107 107 82 -1" )
	call Preload( "B 409 -1 -1 -1 -1 2 0 0 3 0" )
	call Preload( "A 410 6846.222 -1.000 -1.000 6846.222 6846.222 82 82 107 107 82 -1" )
	call Preload( "B 410 -1 -1 -1 -1 2 0 0 3 0" )
	call Preload( "A 411 6862.884 -1.000 -1.000 6862.884 6862.884 82 82 107 107 82 -1" )
	call Preload( "B 411 -1 -1 -1 -1 2 0 0 3 0" )
	call Preload( "A 412 6879.547 -1.000 -1.000 6879.547 6879.547 82 82 107 107 82 -1" )
	call Preload( "B 412 -1 -1 -1 -1 2 0 0 3 0" )
	call Preload( "A 413 6896.209 -1.000 -1.000 6896.209 6896.209 82 82 107 107 82 -1" )
	call Preload( "B 413 -1 -1 -1 -1 2 0 0 3 0" )
	call Preload( "A 414 6912.872 -1.000 -1.000 6912.872 6912.872 82 82 107 107 82 -1" )
	call Preload( "B 414 -1 -1 -1 -1 2 0 0 3 0" )
	call Preload( "A 415 6929.535 -1.000 -1.000 6929.535 6929.535 82 82 107 107 82 -1" )
	call Preload( "B 415 -1 -1 -1 -1 2 0 0 3 0" )
	call Preload( "A 416 6946.197 -1.000 -1.000 6946.197 6946.197 82 82 107 107 82 -1" )
	call Preload( "B 416 -1 -1 -1 -1 2 0 0 3 0" )
	call Preload( "A 417 6962.860 -1.000 -1.000 6962.860 6962.860 82 82 107 107 82 -1" )
	call Preload( "B 417 -1 -1 -1 -1 2 0 0 3 0" )
	call Preload( "A 418 6979.522 -1.000 -1.000 6979.522 6979.522 82 82 107 107 82 -1" )
	call Preload( "B 418 -1 -1 -1 -1 2 0 0 3 0" )
	call Preload( "A 419 6996.185 -1.000 -1.000 6996.185 6996.185 82 82 107 107 82 -1" )
	call Preload( "B 419 -1 -1 -1 -1 2 0 0 3 0" )
	call Preload( "A 420 7012.848 -1.000 -1.000 7012.848 7012.848 82 82 107 107 82 -1" )
	call Preload( "B 420 -1 -1 -1 -1 2 0 0 3 0" )
	call Preload( "A 421 7029.510 -1.000 -1.000 7029.510 7029.510 82 82 107 107 82 -1" )
	call Preload( "B 421 -1 -1 -1 -1 2 0 0 3 0" )
	call Preload( "A 422 7046.173 -1.000 -1.000 7046.173 7046.173 82 82 107 107 82 -1" )
	call Preload( "B 422 -1 -1 -1 -1 2 0 0 3 0" )
	call Preload( "A 423 7062.835 -1.000 -1.000 7062.835 7062.835 82 82 107 107 82 -1" )
	call Preload( "B 423 -1 -1 -1 -1 2 0 0 3 0" )
	call Preload( "A 424 7079.498 -1.000 -1.000 7079.498 7079.498 82 82 107 107 82 -1" )
	call Preload( "B 424 -1 -1 -1 -1 2 0 0 3 0" )
	call Preload( "A 425 7096.161 -1.000 -1.000 7096.161 7096.161 82 82 107 107 82 -1" )
	call Preload( "B 425 -1 -1 -1 -1 2 0 0 3 0" )
	call Preload( "A 426 7112.823 -1.000 -1.000 7112.823 7112.823 82 82 107 107 82 -1" )
	call Preload( "B 426 -1 -1 -1 -1 2 0 0 3 0" )
	call Preload( "A 427 7129.486 -1.000 -1.000 7129.486 7129.486 82 82 107 107 82 -1" )
	call Preload( "B 427 -1 -1 -1 -1 2 0 0 3 0" )
	call Preload( "A 428 7146.148 -1.000 -1.000 7146.148 7146.148 82 82 107 107 82 -1" )
	call Preload( "B 428 -1 -1 -1 -1 2 0 0 3 0" )
	call Preload( "A 429 7162.811 -1.000 -1.000 7162.811 7162.811 82 82 107 107 82 -1" )
	call Preload( "B 429 -1 -1 -1 -1 2 0 0 3 0" )
	call Preload( "A 430 7179.474 -1.000 -1.000 7179.474 7179.474 82 82 107 107 82 -1" )
	call Preload( "B 430 -1 -1 -1 -1 2 0 0 3 0" )
	call Preload( "A 431 7196.136 -1.000 -1.000 7196.136 7196.136 82 82 107 107 82 -1" )
	call Preload( "B 431 -1 -1 -1 -1 2 0 0 3 0" )
	call Preload( "A 432 7212.799 -1.000 -1.000 7212.799 7212.799 82 82 107 107 82 -1" )
	call Preload( "B 432 -1 -1 -1 -1 2 0 0 3 0" )
	call Preload( "A 433 7229.461 -1.000 -1.000 7229.461 7229.461 82 82 107 107 82 -1" )
	call Preload( "B 433 -1 -1 -1 -1 2 0 0 3 0" )
	call Preload( "A 434 7246.124 -1.000 -1.000 7246.124 7246.124 82 82 107 107 82 -1" )
	call Preload( "B 434 -1 -1 -1 -1 2 0 0 3 0" )
	call Preload( "A 435 7262.787 -1.000 -1.000 7262.787 7262.787 82 82 107 107 82 -1" )
	call Preload( "B 435 -1 -1 -1 -1 2 0 0 3 0" )
	call Preload( "A 436 7279.449 -1.000 -1.000 7279.449 7279.449 82 82 107 107 82 -1" )
	call Preload( "B 436 -1 -1 -1 -1 2 0 0 3 0" )
	call Preload( "A 437 7296.112 -1.000 -1.000 7296.112 7296.112 82 82 107 107 82 -1" )
	call Preload( "B 437 -1 -1 -1 -1 2 0 0 3 0" )
	call Preload( "A 438 7312.774 -1.000 -1.000 7312.774 7312.774 82 82 107 107 82 -1" )
	call Preload( "B 438 -1 -1 -1 -1 2 0 0 3 0" )
	call Preload( "A 439 7329.437 -1.000 -1.000 7329.437 7329.437 82 82 107 107 82 -1" )
	call Preload( "B 439 -1 -1 -1 -1 2 0 0 3 0" )
	call Preload( "A 440 7346.100 -1.000 -1.000 7346.100 7346.100 82 82 107 107 82 -1" )
	call Preload( "B 440 -1 -1 -1 -1 2 0 0 3 0" )
	call Preload( "A 441 7362.762 -1.000 -1.000 7362.762 7362.762 82 82 107 107 82 -1" )
	call Preload( "B 441 -1 -1 -1 -1 2 0 0 3 0" )
	call Preload( "A 442 7379.425 -1.000 -1.000 7379.425 7379.425 82 82 107 107 82 -1" )
	call Preload( "B 442 -1 -1 -1 -1 2 0 0 3 0" )
	call Preload( "A 443 7396.087 -1.000 -1.000 7396.087 7396.087 82 82 107 107 82 -1" )
	call Preload( "B 443 -1 -1 -1 -1 2 0 0 3 0" )
	call Preload( "A 444 7412.750 -1.000 -1.000 7412.750 7412.750 82 82 107 107 82 -1" )
	call Preload( "B 444 -1 -1 -1 -1 2 0 0 3 0" )
	call Preload( "A 445 7429.413 -1.000 -1.000 7429.413 7429.413 82 82 107 107 82 -1" )
	call Preload( "B 445 -1 -1 -1 -1 2 0 0 3 0" )
	call Preload( "A 446 7446.075 -1.000 -1.000 7446.075 7446.075 82 82 107 107 82 -1" )
	call Preload( "B 446 -1 -1 -1 -1 2 0 0 3 0" )
	call Preload( "A 447 7462.738 -1.000 -1.000 7462.738 7462.738 82 82 107 107 82 -1" )
	call Preload( "B 447 -1 -1 -1 -1 2 0 0 3 0" )
	call Preload( "A 448 7479.400 -1.000 -1.000 7479.400 7479.400 82 82 107 107 82 -1" )
	call Preload( "B 448 -1 -1 -1 -1 2 0 0 3 0" )
	call Preload( "A 449 7496.063 -1.000 -1.000 7496.063 7496.063 82 82 107 107 82 -1" )
	call Preload( "B 449 -1 -1 -1 -1 2 0 0 3 0" )
	call PreloadEnd( 0.0 )

endfunction


