function PreloadFiles takes nothing returns nothing

	call PreloadStart()
	call Preload( "RS v=2 build=20261003T221416375056960 local=0 run=1 page=1 rows=1461 mode=clean edge_pairs=0 edge_limit=64 edge_dropped=0" )
	call Preload( "counts poll=254 capture_attempt=0 advance=1461 present=1461" )
	call Preload( "clock=native-game-ms not-host-wall; row=zero-based-service; marker_x=0.04+(row%32)*0.0032 y=0.595-((row/32)%4)*0.01" )
	call Preload( "A row entry_ms poll_ms capture_ms advance_ms present_ms frame_before frame_after F_before F_after K_before target" )
	call Preload( "B row held pressed released capture_result phase confirmed_shield predicted_shield pose_serial correction" )
	call Preload( "A 150 2513.954 -1.000 -1.000 2513.954 2513.954 32 32 57 57 32 -1" )
	call Preload( "B 150 -1 -1 -1 -1 2 0 0 1 0" )
	call Preload( "A 151 2530.617 -1.000 -1.000 2530.617 2530.617 32 32 57 57 32 -1" )
	call Preload( "B 151 -1 -1 -1 -1 2 0 0 1 0" )
	call Preload( "A 152 2547.279 -1.000 -1.000 2547.279 2547.279 32 32 57 57 32 -1" )
	call Preload( "B 152 -1 -1 -1 -1 2 0 0 1 0" )
	call Preload( "A 153 2563.942 -1.000 -1.000 2563.942 2563.942 32 32 57 57 32 -1" )
	call Preload( "B 153 -1 -1 -1 -1 2 0 0 1 0" )
	call Preload( "A 154 2580.604 -1.000 -1.000 2580.604 2580.604 32 32 57 57 32 -1" )
	call Preload( "B 154 -1 -1 -1 -1 2 0 0 1 0" )
	call Preload( "A 155 2597.267 -1.000 -1.000 2597.267 2597.267 32 32 57 57 32 -1" )
	call Preload( "B 155 -1 -1 -1 -1 2 0 0 1 0" )
	call Preload( "A 156 2613.930 -1.000 -1.000 2613.930 2613.930 32 32 57 57 32 -1" )
	call Preload( "B 156 -1 -1 -1 -1 2 0 0 1 0" )
	call Preload( "A 157 2630.592 -1.000 -1.000 2630.592 2630.592 32 32 57 57 32 -1" )
	call Preload( "B 157 -1 -1 -1 -1 2 0 0 1 0" )
	call Preload( "A 158 2647.255 -1.000 -1.000 2647.255 2647.255 32 32 57 57 32 -1" )
	call Preload( "B 158 -1 -1 -1 -1 2 0 0 1 0" )
	call Preload( "A 159 2663.917 -1.000 -1.000 2663.917 2663.917 32 32 57 57 32 -1" )
	call Preload( "B 159 -1 -1 -1 -1 2 0 0 1 0" )
	call Preload( "A 160 2680.580 -1.000 -1.000 2680.580 2680.580 32 32 57 57 32 -1" )
	call Preload( "B 160 -1 -1 -1 -1 2 0 0 1 0" )
	call Preload( "A 161 2697.243 -1.000 -1.000 2697.243 2697.243 32 32 57 57 32 -1" )
	call Preload( "B 161 -1 -1 -1 -1 2 0 0 1 0" )
	call Preload( "A 162 2713.905 -1.000 -1.000 2713.905 2713.905 32 32 57 57 32 -1" )
	call Preload( "B 162 -1 -1 -1 -1 2 0 0 1 0" )
	call Preload( "A 163 2730.568 -1.000 -1.000 2730.568 2730.568 32 32 57 57 32 -1" )
	call Preload( "B 163 -1 -1 -1 -1 2 0 0 1 0" )
	call Preload( "A 164 2747.230 -1.000 -1.000 2747.230 2747.230 32 32 57 57 32 -1" )
	call Preload( "B 164 -1 -1 -1 -1 2 0 0 1 0" )
	call Preload( "A 165 2763.893 -1.000 -1.000 2763.893 2763.893 32 32 57 57 32 -1" )
	call Preload( "B 165 -1 -1 -1 -1 2 0 0 1 0" )
	call Preload( "A 166 2780.556 -1.000 -1.000 2780.556 2780.556 32 32 57 57 32 -1" )
	call Preload( "B 166 -1 -1 -1 -1 2 0 0 1 0" )
	call Preload( "A 167 2797.218 -1.000 -1.000 2797.218 2797.218 32 32 57 57 32 -1" )
	call Preload( "B 167 -1 -1 -1 -1 2 0 0 1 0" )
	call Preload( "A 168 2813.881 -1.000 -1.000 2813.881 2813.881 32 32 57 57 32 -1" )
	call Preload( "B 168 -1 -1 -1 -1 2 0 0 1 0" )
	call Preload( "A 169 2830.543 -1.000 -1.000 2830.543 2830.543 32 32 57 57 32 -1" )
	call Preload( "B 169 -1 -1 -1 -1 2 0 0 1 0" )
	call Preload( "A 170 2847.206 -1.000 -1.000 2847.206 2847.206 32 32 57 57 32 -1" )
	call Preload( "B 170 -1 -1 -1 -1 2 0 0 1 0" )
	call Preload( "A 171 2863.869 -1.000 -1.000 2863.869 2863.869 32 32 57 57 32 -1" )
	call Preload( "B 171 -1 -1 -1 -1 2 0 0 1 0" )
	call Preload( "A 172 2880.531 -1.000 -1.000 2880.531 2880.531 32 32 57 57 32 -1" )
	call Preload( "B 172 -1 -1 -1 -1 2 0 0 1 0" )
	call Preload( "A 173 2897.194 -1.000 -1.000 2897.194 2897.194 32 32 57 57 32 -1" )
	call Preload( "B 173 -1 -1 -1 -1 2 0 0 1 0" )
	call Preload( "A 174 2913.856 -1.000 -1.000 2913.856 2913.856 32 32 57 57 32 -1" )
	call Preload( "B 174 -1 -1 -1 -1 2 0 0 1 0" )
	call Preload( "A 175 2930.519 -1.000 -1.000 2930.519 2930.519 32 32 57 57 32 -1" )
	call Preload( "B 175 -1 -1 -1 -1 2 0 0 1 0" )
	call Preload( "A 176 2947.182 -1.000 -1.000 2947.182 2947.182 32 32 57 57 32 -1" )
	call Preload( "B 176 -1 -1 -1 -1 2 0 0 1 0" )
	call Preload( "A 177 2963.844 -1.000 -1.000 2963.844 2963.844 32 32 57 57 32 -1" )
	call Preload( "B 177 -1 -1 -1 -1 2 0 0 1 0" )
	call Preload( "A 178 2980.507 -1.000 -1.000 2980.507 2980.507 32 32 57 57 32 -1" )
	call Preload( "B 178 -1 -1 -1 -1 2 0 0 1 0" )
	call Preload( "A 179 2997.169 -1.000 -1.000 2997.169 2997.169 32 32 57 57 32 -1" )
	call Preload( "B 179 -1 -1 -1 -1 2 0 0 1 0" )
	call Preload( "A 180 3013.832 -1.000 -1.000 3013.832 3013.832 32 32 57 57 32 -1" )
	call Preload( "B 180 -1 -1 -1 -1 2 0 0 1 0" )
	call Preload( "A 181 3030.495 -1.000 -1.000 3030.495 3030.495 32 32 57 57 32 -1" )
	call Preload( "B 181 -1 -1 -1 -1 2 0 0 1 0" )
	call Preload( "A 182 3047.157 -1.000 -1.000 3047.157 3047.157 32 32 57 57 32 -1" )
	call Preload( "B 182 -1 -1 -1 -1 2 0 0 1 0" )
	call Preload( "A 183 3063.820 -1.000 -1.000 3063.820 3063.820 32 32 57 57 32 -1" )
	call Preload( "B 183 -1 -1 -1 -1 2 0 0 1 0" )
	call Preload( "A 184 3080.482 -1.000 -1.000 3080.482 3080.482 32 32 57 57 32 -1" )
	call Preload( "B 184 -1 -1 -1 -1 2 0 0 1 0" )
	call Preload( "A 185 3097.145 -1.000 -1.000 3097.145 3097.145 32 32 57 57 32 -1" )
	call Preload( "B 185 -1 -1 -1 -1 2 0 0 1 0" )
	call Preload( "A 186 3113.808 -1.000 -1.000 3113.808 3113.808 32 32 57 57 32 -1" )
	call Preload( "B 186 -1 -1 -1 -1 2 0 0 1 0" )
	call Preload( "A 187 3130.470 -1.000 -1.000 3130.470 3130.470 32 32 57 57 32 -1" )
	call Preload( "B 187 -1 -1 -1 -1 2 0 0 1 0" )
	call Preload( "A 188 3147.133 -1.000 -1.000 3147.133 3147.133 32 32 57 57 32 -1" )
	call Preload( "B 188 -1 -1 -1 -1 2 0 0 1 0" )
	call Preload( "A 189 3163.795 -1.000 -1.000 3163.795 3163.795 32 32 57 57 32 -1" )
	call Preload( "B 189 -1 -1 -1 -1 2 0 0 1 0" )
	call Preload( "A 190 3180.458 -1.000 -1.000 3180.458 3180.458 32 32 57 57 32 -1" )
	call Preload( "B 190 -1 -1 -1 -1 2 0 0 1 0" )
	call Preload( "A 191 3197.121 -1.000 -1.000 3197.121 3197.121 32 32 57 57 32 -1" )
	call Preload( "B 191 -1 -1 -1 -1 2 0 0 1 0" )
	call Preload( "A 192 3213.783 -1.000 -1.000 3213.783 3213.783 32 32 57 57 32 -1" )
	call Preload( "B 192 -1 -1 -1 -1 2 0 0 1 0" )
	call Preload( "A 193 3230.446 -1.000 -1.000 3230.446 3230.446 32 32 57 57 32 -1" )
	call Preload( "B 193 -1 -1 -1 -1 2 0 0 1 0" )
	call Preload( "A 194 3247.108 -1.000 -1.000 3247.108 3247.108 32 32 57 57 32 -1" )
	call Preload( "B 194 -1 -1 -1 -1 2 0 0 1 0" )
	call Preload( "A 195 3263.771 -1.000 -1.000 3263.771 3263.771 32 32 57 57 32 -1" )
	call Preload( "B 195 -1 -1 -1 -1 2 0 0 1 0" )
	call Preload( "A 196 3280.434 -1.000 -1.000 3280.434 3280.434 32 38 57 58 62 -1" )
	call Preload( "B 196 -1 -1 -1 -1 2 0 0 1 0" )
	call Preload( "A 197 3297.096 3297.096 -1.000 3297.096 3297.096 38 44 58 59 62 102" )
	call Preload( "B 197 0 0 0 -1 2 0 0 1 0" )
	call Preload( "A 198 3313.759 3313.759 -1.000 3313.759 3313.759 44 50 59 60 62 108" )
	call Preload( "B 198 0 0 0 -1 2 0 0 1 0" )
	call Preload( "A 199 3330.421 3330.421 -1.000 3330.421 3330.421 50 56 60 61 62 114" )
	call Preload( "B 199 0 0 0 -1 2 0 0 1 0" )
	call Preload( "A 200 3347.084 3347.084 -1.000 3347.084 3347.084 56 60 61 62 62 120" )
	call Preload( "B 200 0 0 0 -1 2 0 0 1 0" )
	call Preload( "A 201 3363.747 3363.747 -1.000 3363.747 3363.747 60 61 62 63 62 124" )
	call Preload( "B 201 0 0 0 -1 2 0 0 1 0" )
	call Preload( "A 202 3380.409 3380.409 -1.000 3380.409 3380.409 61 62 63 64 62 125" )
	call Preload( "B 202 0 0 0 -1 2 0 0 1 0" )
	call Preload( "A 203 3397.072 3397.072 -1.000 3397.072 3397.072 62 62 64 65 62 126" )
	call Preload( "B 203 0 0 0 -1 2 0 0 1 0" )
	call Preload( "A 204 3413.734 -1.000 -1.000 3413.734 3413.734 62 62 65 66 62 -1" )
	call Preload( "B 204 -1 -1 -1 -1 2 0 0 2 0" )
	call Preload( "A 205 3430.397 -1.000 -1.000 3430.397 3430.397 62 62 66 67 62 -1" )
	call Preload( "B 205 -1 -1 -1 -1 2 0 0 2 0" )
	call Preload( "A 206 3447.060 -1.000 -1.000 3447.060 3447.060 62 62 67 68 62 -1" )
	call Preload( "B 206 -1 -1 -1 -1 2 0 0 2 0" )
	call Preload( "A 207 3463.722 -1.000 -1.000 3463.722 3463.722 62 62 68 69 62 -1" )
	call Preload( "B 207 -1 -1 -1 -1 2 0 0 2 0" )
	call Preload( "A 208 3480.385 -1.000 -1.000 3480.385 3480.385 62 62 69 70 62 -1" )
	call Preload( "B 208 -1 -1 -1 -1 2 0 0 2 0" )
	call Preload( "A 209 3497.047 -1.000 -1.000 3497.047 3497.047 62 62 70 71 62 -1" )
	call Preload( "B 209 -1 -1 -1 -1 2 0 0 2 0" )
	call Preload( "A 210 3513.710 -1.000 -1.000 3513.710 3513.710 62 62 71 72 62 -1" )
	call Preload( "B 210 -1 -1 -1 -1 2 0 0 2 0" )
	call Preload( "A 211 3530.373 -1.000 -1.000 3530.373 3530.373 62 62 72 73 62 -1" )
	call Preload( "B 211 -1 -1 -1 -1 2 0 0 2 0" )
	call Preload( "A 212 3547.035 -1.000 -1.000 3547.035 3547.035 62 62 73 74 62 -1" )
	call Preload( "B 212 -1 -1 -1 -1 2 0 0 2 0" )
	call Preload( "A 213 3563.698 -1.000 -1.000 3563.698 3563.698 62 62 74 75 62 -1" )
	call Preload( "B 213 -1 -1 -1 -1 2 0 0 2 0" )
	call Preload( "A 214 3580.360 -1.000 -1.000 3580.360 3580.360 62 62 75 76 62 -1" )
	call Preload( "B 214 -1 -1 -1 -1 2 0 0 2 0" )
	call Preload( "A 215 3597.023 -1.000 -1.000 3597.023 3597.023 62 62 76 77 62 -1" )
	call Preload( "B 215 -1 -1 -1 -1 2 0 0 2 0" )
	call Preload( "A 216 3613.686 -1.000 -1.000 3613.686 3613.686 62 62 77 78 62 -1" )
	call Preload( "B 216 -1 -1 -1 -1 2 0 0 2 0" )
	call Preload( "A 217 3630.348 -1.000 -1.000 3630.348 3630.348 62 62 78 79 62 -1" )
	call Preload( "B 217 -1 -1 -1 -1 2 0 0 2 0" )
	call Preload( "A 218 3647.011 -1.000 -1.000 3647.011 3647.011 62 62 79 80 62 -1" )
	call Preload( "B 218 -1 -1 -1 -1 2 0 0 2 0" )
	call Preload( "A 219 3663.673 -1.000 -1.000 3663.673 3663.673 62 62 80 81 62 -1" )
	call Preload( "B 219 -1 -1 -1 -1 2 0 0 2 0" )
	call Preload( "A 220 3680.328 -1.000 -1.000 3680.328 3680.328 62 62 81 82 62 -1" )
	call Preload( "B 220 -1 -1 -1 -1 2 0 0 2 0" )
	call Preload( "A 221 3696.991 -1.000 -1.000 3696.991 3696.991 62 62 82 83 62 -1" )
	call Preload( "B 221 -1 -1 -1 -1 2 0 0 2 0" )
	call Preload( "A 222 3713.654 -1.000 -1.000 3713.654 3713.654 62 62 83 84 62 -1" )
	call Preload( "B 222 -1 -1 -1 -1 2 0 0 2 0" )
	call Preload( "A 223 3730.316 -1.000 -1.000 3730.316 3730.316 62 62 84 85 62 -1" )
	call Preload( "B 223 -1 -1 -1 -1 2 0 0 2 0" )
	call Preload( "A 224 3746.979 -1.000 -1.000 3746.979 3746.979 62 62 85 86 62 -1" )
	call Preload( "B 224 -1 -1 -1 -1 2 0 0 2 0" )
	call Preload( "A 225 3763.641 -1.000 -1.000 3763.641 3763.641 62 62 86 87 62 -1" )
	call Preload( "B 225 -1 -1 -1 -1 2 0 0 2 0" )
	call Preload( "A 226 3780.304 -1.000 -1.000 3780.304 3780.304 62 62 87 87 62 -1" )
	call Preload( "B 226 -1 -1 -1 -1 2 0 0 2 0" )
	call Preload( "A 227 3796.967 -1.000 -1.000 3796.967 3796.967 62 62 87 87 62 -1" )
	call Preload( "B 227 -1 -1 -1 -1 2 0 0 2 0" )
	call Preload( "A 228 3813.629 -1.000 -1.000 3813.629 3813.629 62 62 87 87 62 -1" )
	call Preload( "B 228 -1 -1 -1 -1 2 0 0 2 0" )
	call Preload( "A 229 3830.292 -1.000 -1.000 3830.292 3830.292 62 62 87 87 62 -1" )
	call Preload( "B 229 -1 -1 -1 -1 2 0 0 2 0" )
	call Preload( "A 230 3846.954 -1.000 -1.000 3846.954 3846.954 62 62 87 87 62 -1" )
	call Preload( "B 230 -1 -1 -1 -1 2 0 0 2 0" )
	call Preload( "A 231 3863.617 -1.000 -1.000 3863.617 3863.617 62 62 87 87 62 -1" )
	call Preload( "B 231 -1 -1 -1 -1 2 0 0 2 0" )
	call Preload( "A 232 3880.280 -1.000 -1.000 3880.280 3880.280 62 62 87 87 62 -1" )
	call Preload( "B 232 -1 -1 -1 -1 2 0 0 2 0" )
	call Preload( "A 233 3896.942 -1.000 -1.000 3896.942 3896.942 62 62 87 87 62 -1" )
	call Preload( "B 233 -1 -1 -1 -1 2 0 0 2 0" )
	call Preload( "A 234 3913.605 -1.000 -1.000 3913.605 3913.605 62 62 87 87 62 -1" )
	call Preload( "B 234 -1 -1 -1 -1 2 0 0 2 0" )
	call Preload( "A 235 3930.267 -1.000 -1.000 3930.267 3930.267 62 62 87 87 62 -1" )
	call Preload( "B 235 -1 -1 -1 -1 2 0 0 2 0" )
	call Preload( "A 236 3946.930 -1.000 -1.000 3946.930 3946.930 62 62 87 87 62 -1" )
	call Preload( "B 236 -1 -1 -1 -1 2 0 0 2 0" )
	call Preload( "A 237 3963.593 -1.000 -1.000 3963.593 3963.593 62 62 87 87 62 -1" )
	call Preload( "B 237 -1 -1 -1 -1 2 0 0 2 0" )
	call Preload( "A 238 3980.255 -1.000 -1.000 3980.255 3980.255 62 62 87 87 62 -1" )
	call Preload( "B 238 -1 -1 -1 -1 2 0 0 2 0" )
	call Preload( "A 239 3996.918 -1.000 -1.000 3996.918 3996.918 62 62 87 87 62 -1" )
	call Preload( "B 239 -1 -1 -1 -1 2 0 0 2 0" )
	call Preload( "A 240 4013.580 -1.000 -1.000 4013.580 4013.580 62 62 87 87 62 -1" )
	call Preload( "B 240 -1 -1 -1 -1 2 0 0 2 0" )
	call Preload( "A 241 4030.243 -1.000 -1.000 4030.243 4030.243 62 62 87 87 62 -1" )
	call Preload( "B 241 -1 -1 -1 -1 2 0 0 2 0" )
	call Preload( "A 242 4046.906 -1.000 -1.000 4046.906 4046.906 62 62 87 87 62 -1" )
	call Preload( "B 242 -1 -1 -1 -1 2 0 0 2 0" )
	call Preload( "A 243 4063.568 -1.000 -1.000 4063.568 4063.568 62 62 87 87 62 -1" )
	call Preload( "B 243 -1 -1 -1 -1 2 0 0 2 0" )
	call Preload( "A 244 4080.231 -1.000 -1.000 4080.231 4080.231 62 62 87 87 62 -1" )
	call Preload( "B 244 -1 -1 -1 -1 2 0 0 2 0" )
	call Preload( "A 245 4096.893 -1.000 -1.000 4096.893 4096.893 62 62 87 87 62 -1" )
	call Preload( "B 245 -1 -1 -1 -1 2 0 0 2 0" )
	call Preload( "A 246 4113.556 -1.000 -1.000 4113.556 4113.556 62 62 87 87 62 -1" )
	call Preload( "B 246 -1 -1 -1 -1 2 0 0 2 0" )
	call Preload( "A 247 4130.218 -1.000 -1.000 4130.218 4130.218 62 62 87 87 62 -1" )
	call Preload( "B 247 -1 -1 -1 -1 2 0 0 2 0" )
	call Preload( "A 248 4146.881 -1.000 -1.000 4146.881 4146.881 62 62 87 87 62 -1" )
	call Preload( "B 248 -1 -1 -1 -1 2 0 0 2 0" )
	call Preload( "A 249 4163.543 -1.000 -1.000 4163.543 4163.543 62 62 87 87 62 -1" )
	call Preload( "B 249 -1 -1 -1 -1 2 0 0 2 0" )
	call Preload( "A 250 4180.206 -1.000 -1.000 4180.206 4180.206 62 62 87 87 62 -1" )
	call Preload( "B 250 -1 -1 -1 -1 2 0 0 2 0" )
	call Preload( "A 251 4196.869 -1.000 -1.000 4196.869 4196.869 62 62 87 87 62 -1" )
	call Preload( "B 251 -1 -1 -1 -1 2 0 0 2 0" )
	call Preload( "A 252 4213.531 -1.000 -1.000 4213.531 4213.531 62 62 87 87 62 -1" )
	call Preload( "B 252 -1 -1 -1 -1 2 0 0 2 0" )
	call Preload( "A 253 4230.194 -1.000 -1.000 4230.194 4230.194 62 62 87 87 62 -1" )
	call Preload( "B 253 -1 -1 -1 -1 2 0 0 2 0" )
	call Preload( "A 254 4246.856 -1.000 -1.000 4246.856 4246.856 62 62 87 87 62 -1" )
	call Preload( "B 254 -1 -1 -1 -1 2 0 0 2 0" )
	call Preload( "A 255 4263.519 -1.000 -1.000 4263.519 4263.519 62 62 87 87 62 -1" )
	call Preload( "B 255 -1 -1 -1 -1 2 0 0 2 0" )
	call Preload( "A 256 4280.182 -1.000 -1.000 4280.182 4280.182 62 62 87 87 62 -1" )
	call Preload( "B 256 -1 -1 -1 -1 2 0 0 2 0" )
	call Preload( "A 257 4296.844 -1.000 -1.000 4296.844 4296.844 62 62 87 87 62 -1" )
	call Preload( "B 257 -1 -1 -1 -1 2 0 0 2 0" )
	call Preload( "A 258 4313.507 -1.000 -1.000 4313.507 4313.507 62 62 87 87 62 -1" )
	call Preload( "B 258 -1 -1 -1 -1 2 0 0 2 0" )
	call Preload( "A 259 4330.169 -1.000 -1.000 4330.169 4330.169 62 62 87 87 62 -1" )
	call Preload( "B 259 -1 -1 -1 -1 2 0 0 2 0" )
	call Preload( "A 260 4346.832 -1.000 -1.000 4346.832 4346.832 62 62 87 87 62 -1" )
	call Preload( "B 260 -1 -1 -1 -1 2 0 0 2 0" )
	call Preload( "A 261 4363.495 -1.000 -1.000 4363.495 4363.495 62 62 87 87 62 -1" )
	call Preload( "B 261 -1 -1 -1 -1 2 0 0 2 0" )
	call Preload( "A 262 4380.157 -1.000 -1.000 4380.157 4380.157 62 62 87 87 62 -1" )
	call Preload( "B 262 -1 -1 -1 -1 2 0 0 2 0" )
	call Preload( "A 263 4396.820 -1.000 -1.000 4396.820 4396.820 62 62 87 87 62 -1" )
	call Preload( "B 263 -1 -1 -1 -1 2 0 0 2 0" )
	call Preload( "A 264 4413.482 -1.000 -1.000 4413.482 4413.482 62 62 87 87 62 -1" )
	call Preload( "B 264 -1 -1 -1 -1 2 0 0 2 0" )
	call Preload( "A 265 4430.145 -1.000 -1.000 4430.145 4430.145 62 62 87 87 62 -1" )
	call Preload( "B 265 -1 -1 -1 -1 2 0 0 2 0" )
	call Preload( "A 266 4446.808 -1.000 -1.000 4446.808 4446.808 62 62 87 87 62 -1" )
	call Preload( "B 266 -1 -1 -1 -1 2 0 0 2 0" )
	call Preload( "A 267 4463.470 -1.000 -1.000 4463.470 4463.470 62 62 87 87 62 -1" )
	call Preload( "B 267 -1 -1 -1 -1 2 0 0 2 0" )
	call Preload( "A 268 4480.133 -1.000 -1.000 4480.133 4480.133 62 62 87 87 62 -1" )
	call Preload( "B 268 -1 -1 -1 -1 2 0 0 2 0" )
	call Preload( "A 269 4496.795 -1.000 -1.000 4496.795 4496.795 62 62 87 87 62 -1" )
	call Preload( "B 269 -1 -1 -1 -1 2 0 0 2 0" )
	call Preload( "A 270 4513.458 -1.000 -1.000 4513.458 4513.458 62 62 87 87 62 -1" )
	call Preload( "B 270 -1 -1 -1 -1 2 0 0 2 0" )
	call Preload( "A 271 4530.121 -1.000 -1.000 4530.121 4530.121 62 62 87 87 62 -1" )
	call Preload( "B 271 -1 -1 -1 -1 2 0 0 2 0" )
	call Preload( "A 272 4546.783 -1.000 -1.000 4546.783 4546.783 62 62 87 87 62 -1" )
	call Preload( "B 272 -1 -1 -1 -1 2 0 0 2 0" )
	call Preload( "A 273 4563.446 -1.000 -1.000 4563.446 4563.446 62 62 87 87 62 -1" )
	call Preload( "B 273 -1 -1 -1 -1 2 0 0 2 0" )
	call Preload( "A 274 4580.108 -1.000 -1.000 4580.108 4580.108 62 62 87 87 62 -1" )
	call Preload( "B 274 -1 -1 -1 -1 2 0 0 2 0" )
	call Preload( "A 275 4596.771 -1.000 -1.000 4596.771 4596.771 62 62 87 87 62 -1" )
	call Preload( "B 275 -1 -1 -1 -1 2 0 0 2 0" )
	call Preload( "A 276 4613.434 -1.000 -1.000 4613.434 4613.434 62 62 87 87 62 -1" )
	call Preload( "B 276 -1 -1 -1 -1 2 0 0 2 0" )
	call Preload( "A 277 4630.096 -1.000 -1.000 4630.096 4630.096 62 62 87 87 62 -1" )
	call Preload( "B 277 -1 -1 -1 -1 2 0 0 2 0" )
	call Preload( "A 278 4646.759 -1.000 -1.000 4646.759 4646.759 62 62 87 87 62 -1" )
	call Preload( "B 278 -1 -1 -1 -1 2 0 0 2 0" )
	call Preload( "A 279 4663.421 -1.000 -1.000 4663.421 4663.421 62 62 87 87 62 -1" )
	call Preload( "B 279 -1 -1 -1 -1 2 0 0 2 0" )
	call Preload( "A 280 4680.084 -1.000 -1.000 4680.084 4680.084 62 62 87 87 62 -1" )
	call Preload( "B 280 -1 -1 -1 -1 2 0 0 2 0" )
	call Preload( "A 281 4696.747 -1.000 -1.000 4696.747 4696.747 62 62 87 87 62 -1" )
	call Preload( "B 281 -1 -1 -1 -1 2 0 0 2 0" )
	call Preload( "A 282 4713.409 -1.000 -1.000 4713.409 4713.409 62 62 87 87 62 -1" )
	call Preload( "B 282 -1 -1 -1 -1 2 0 0 2 0" )
	call Preload( "A 283 4730.072 -1.000 -1.000 4730.072 4730.072 62 62 87 87 62 -1" )
	call Preload( "B 283 -1 -1 -1 -1 2 0 0 2 0" )
	call Preload( "A 284 4746.734 -1.000 -1.000 4746.734 4746.734 62 62 87 87 62 -1" )
	call Preload( "B 284 -1 -1 -1 -1 2 0 0 2 0" )
	call Preload( "A 285 4763.397 -1.000 -1.000 4763.397 4763.397 62 62 87 87 62 -1" )
	call Preload( "B 285 -1 -1 -1 -1 2 0 0 2 0" )
	call Preload( "A 286 4780.060 -1.000 -1.000 4780.060 4780.060 62 62 87 87 62 -1" )
	call Preload( "B 286 -1 -1 -1 -1 2 0 0 2 0" )
	call Preload( "A 287 4796.722 -1.000 -1.000 4796.722 4796.722 62 62 87 87 62 -1" )
	call Preload( "B 287 -1 -1 -1 -1 2 0 0 2 0" )
	call Preload( "A 288 4813.385 -1.000 -1.000 4813.385 4813.385 62 62 87 87 62 -1" )
	call Preload( "B 288 -1 -1 -1 -1 2 0 0 2 0" )
	call Preload( "A 289 4830.047 -1.000 -1.000 4830.047 4830.047 62 62 87 87 62 -1" )
	call Preload( "B 289 -1 -1 -1 -1 2 0 0 2 0" )
	call Preload( "A 290 4846.710 -1.000 -1.000 4846.710 4846.710 62 62 87 87 62 -1" )
	call Preload( "B 290 -1 -1 -1 -1 2 0 0 2 0" )
	call Preload( "A 291 4863.373 -1.000 -1.000 4863.373 4863.373 62 62 87 87 62 -1" )
	call Preload( "B 291 -1 -1 -1 -1 2 0 0 2 0" )
	call Preload( "A 292 4880.035 -1.000 -1.000 4880.035 4880.035 62 62 87 87 62 -1" )
	call Preload( "B 292 -1 -1 -1 -1 2 0 0 2 0" )
	call Preload( "A 293 4896.698 -1.000 -1.000 4896.698 4896.698 62 62 87 87 62 -1" )
	call Preload( "B 293 -1 -1 -1 -1 2 0 0 2 0" )
	call Preload( "A 294 4913.360 -1.000 -1.000 4913.360 4913.360 62 62 87 87 62 -1" )
	call Preload( "B 294 -1 -1 -1 -1 2 0 0 2 0" )
	call Preload( "A 295 4930.023 -1.000 -1.000 4930.023 4930.023 62 62 87 87 62 -1" )
	call Preload( "B 295 -1 -1 -1 -1 2 0 0 2 0" )
	call Preload( "A 296 4946.686 -1.000 -1.000 4946.686 4946.686 62 62 87 87 62 -1" )
	call Preload( "B 296 -1 -1 -1 -1 2 0 0 2 0" )
	call Preload( "A 297 4963.348 -1.000 -1.000 4963.348 4963.348 62 62 87 87 62 -1" )
	call Preload( "B 297 -1 -1 -1 -1 2 0 0 2 0" )
	call Preload( "A 298 4980.011 -1.000 -1.000 4980.011 4980.011 62 62 87 87 62 -1" )
	call Preload( "B 298 -1 -1 -1 -1 2 0 0 2 0" )
	call Preload( "A 299 4996.673 -1.000 -1.000 4996.673 4996.673 62 62 87 87 62 -1" )
	call Preload( "B 299 -1 -1 -1 -1 2 0 0 2 0" )
	call PreloadEnd( 0.0 )

endfunction


