function PreloadFiles takes nothing returns nothing

	call PreloadStart()
	call Preload( "RS v=2 build=20261003T221416375056960 local=1 run=1 page=1 rows=2179 mode=clean edge_pairs=0 edge_limit=64 edge_dropped=0" )
	call Preload( "counts poll=416 capture_attempt=0 advance=2179 present=2179" )
	call Preload( "clock=native-game-ms not-host-wall; row=zero-based-service; marker_x=0.04+(row%32)*0.0032 y=0.595-((row/32)%4)*0.01" )
	call Preload( "A row entry_ms poll_ms capture_ms advance_ms present_ms frame_before frame_after F_before F_after K_before target" )
	call Preload( "B row held pressed released capture_result phase confirmed_shield predicted_shield pose_serial correction" )
	call Preload( "A 150 2507.637 -1.000 -1.000 2507.637 2507.637 32 32 57 57 32 -1" )
	call Preload( "B 150 -1 -1 -1 -1 2 0 0 1 0" )
	call Preload( "A 151 2524.300 -1.000 -1.000 2524.300 2524.300 32 32 57 57 32 -1" )
	call Preload( "B 151 -1 -1 -1 -1 2 0 0 1 0" )
	call Preload( "A 152 2540.962 -1.000 -1.000 2540.962 2540.962 32 32 57 57 32 -1" )
	call Preload( "B 152 -1 -1 -1 -1 2 0 0 1 0" )
	call Preload( "A 153 2557.625 -1.000 -1.000 2557.625 2557.625 32 32 57 57 32 -1" )
	call Preload( "B 153 -1 -1 -1 -1 2 0 0 1 0" )
	call Preload( "A 154 2574.287 -1.000 -1.000 2574.287 2574.287 32 32 57 57 32 -1" )
	call Preload( "B 154 -1 -1 -1 -1 2 0 0 1 0" )
	call Preload( "A 155 2590.950 -1.000 -1.000 2590.950 2590.950 32 32 57 57 32 -1" )
	call Preload( "B 155 -1 -1 -1 -1 2 0 0 1 0" )
	call Preload( "A 156 2607.613 -1.000 -1.000 2607.613 2607.613 32 32 57 57 32 -1" )
	call Preload( "B 156 -1 -1 -1 -1 2 0 0 1 0" )
	call Preload( "A 157 2624.275 -1.000 -1.000 2624.275 2624.275 32 32 57 57 32 -1" )
	call Preload( "B 157 -1 -1 -1 -1 2 0 0 1 0" )
	call Preload( "A 158 2640.938 -1.000 -1.000 2640.938 2640.938 32 32 57 57 32 -1" )
	call Preload( "B 158 -1 -1 -1 -1 2 0 0 1 0" )
	call Preload( "A 159 2657.600 -1.000 -1.000 2657.600 2657.600 32 32 57 57 32 -1" )
	call Preload( "B 159 -1 -1 -1 -1 2 0 0 1 0" )
	call Preload( "A 160 2674.263 -1.000 -1.000 2674.263 2674.263 32 32 57 57 32 -1" )
	call Preload( "B 160 -1 -1 -1 -1 2 0 0 1 0" )
	call Preload( "A 161 2690.926 -1.000 -1.000 2690.926 2690.926 32 32 57 57 32 -1" )
	call Preload( "B 161 -1 -1 -1 -1 2 0 0 1 0" )
	call Preload( "A 162 2707.588 -1.000 -1.000 2707.588 2707.588 32 32 57 57 32 -1" )
	call Preload( "B 162 -1 -1 -1 -1 2 0 0 1 0" )
	call Preload( "A 163 2724.251 -1.000 -1.000 2724.251 2724.251 32 32 57 57 32 -1" )
	call Preload( "B 163 -1 -1 -1 -1 2 0 0 1 0" )
	call Preload( "A 164 2740.913 -1.000 -1.000 2740.913 2740.913 32 32 57 57 32 -1" )
	call Preload( "B 164 -1 -1 -1 -1 2 0 0 1 0" )
	call Preload( "A 165 2757.576 -1.000 -1.000 2757.576 2757.576 32 32 57 57 32 -1" )
	call Preload( "B 165 -1 -1 -1 -1 2 0 0 1 0" )
	call Preload( "A 166 2774.239 -1.000 -1.000 2774.239 2774.239 32 32 57 57 32 -1" )
	call Preload( "B 166 -1 -1 -1 -1 2 0 0 1 0" )
	call Preload( "A 167 2790.901 -1.000 -1.000 2790.901 2790.901 32 32 57 57 32 -1" )
	call Preload( "B 167 -1 -1 -1 -1 2 0 0 1 0" )
	call Preload( "A 168 2807.564 -1.000 -1.000 2807.564 2807.564 32 32 57 57 32 -1" )
	call Preload( "B 168 -1 -1 -1 -1 2 0 0 1 0" )
	call Preload( "A 169 2824.226 -1.000 -1.000 2824.226 2824.226 32 38 57 58 64 -1" )
	call Preload( "B 169 -1 -1 -1 -1 2 0 0 1 0" )
	call Preload( "A 170 2840.889 2840.889 -1.000 2840.889 2840.889 38 44 58 59 64 102" )
	call Preload( "B 170 256 0 0 -1 2 0 0 1 0" )
	call Preload( "A 171 2857.552 2857.552 -1.000 2857.552 2857.552 44 50 59 60 64 108" )
	call Preload( "B 171 256 0 0 -1 2 0 0 1 0" )
	call Preload( "A 172 2874.214 2874.214 -1.000 2874.214 2874.214 50 56 60 61 64 114" )
	call Preload( "B 172 0 0 0 -1 2 0 0 1 0" )
	call Preload( "A 173 2890.877 2890.877 -1.000 2890.877 2890.877 56 60 61 62 64 120" )
	call Preload( "B 173 0 0 0 -1 2 0 0 1 0" )
	call Preload( "A 174 2907.539 2907.539 -1.000 2907.539 2907.539 60 61 62 63 64 124" )
	call Preload( "B 174 0 0 0 -1 2 0 0 1 0" )
	call Preload( "A 175 2924.202 -1.000 -1.000 2924.202 2924.202 61 62 63 64 64 -1" )
	call Preload( "B 175 -1 -1 -1 -1 2 0 0 1 0" )
	call Preload( "A 176 2940.865 2940.865 -1.000 2940.865 2940.865 62 63 64 65 64 126" )
	call Preload( "B 176 0 0 0 -1 2 0 0 1 0" )
	call Preload( "A 177 2957.527 -1.000 -1.000 2957.527 2957.527 63 64 65 66 64 -1" )
	call Preload( "B 177 -1 -1 -1 -1 2 0 0 1 0" )
	call Preload( "A 178 2974.190 2974.190 -1.000 2974.190 2974.190 64 64 66 67 64 128" )
	call Preload( "B 178 0 0 0 -1 2 0 0 1 0" )
	call Preload( "A 179 2990.852 -1.000 -1.000 2990.852 2990.852 64 64 67 68 64 -1" )
	call Preload( "B 179 -1 -1 -1 -1 2 0 0 1 0" )
	call Preload( "A 180 3007.515 -1.000 -1.000 3007.515 3007.515 64 64 68 69 64 -1" )
	call Preload( "B 180 -1 -1 -1 -1 2 0 0 1 0" )
	call Preload( "A 181 3024.177 -1.000 -1.000 3024.177 3024.177 64 64 69 70 64 -1" )
	call Preload( "B 181 -1 -1 -1 -1 2 0 0 1 0" )
	call Preload( "A 182 3040.840 -1.000 -1.000 3040.840 3040.840 64 64 70 71 64 -1" )
	call Preload( "B 182 -1 -1 -1 -1 2 0 0 1 0" )
	call Preload( "A 183 3057.503 -1.000 -1.000 3057.503 3057.503 64 64 71 72 64 -1" )
	call Preload( "B 183 -1 -1 -1 -1 2 0 0 1 0" )
	call Preload( "A 184 3074.165 -1.000 -1.000 3074.165 3074.165 64 64 72 73 64 -1" )
	call Preload( "B 184 -1 -1 -1 -1 2 0 0 1 0" )
	call Preload( "A 185 3090.828 -1.000 -1.000 3090.828 3090.828 64 64 73 74 64 -1" )
	call Preload( "B 185 -1 -1 -1 -1 2 0 0 1 0" )
	call Preload( "A 186 3107.490 -1.000 -1.000 3107.490 3107.490 64 64 74 75 64 -1" )
	call Preload( "B 186 -1 -1 -1 -1 2 0 0 1 0" )
	call Preload( "A 187 3124.153 -1.000 -1.000 3124.153 3124.153 64 64 75 76 64 -1" )
	call Preload( "B 187 -1 -1 -1 -1 2 0 0 1 0" )
	call Preload( "A 188 3140.816 -1.000 -1.000 3140.816 3140.816 64 64 76 77 64 -1" )
	call Preload( "B 188 -1 -1 -1 -1 2 0 0 1 0" )
	call Preload( "A 189 3157.478 -1.000 -1.000 3157.478 3157.478 64 64 77 78 64 -1" )
	call Preload( "B 189 -1 -1 -1 -1 2 0 0 1 0" )
	call Preload( "A 190 3174.141 -1.000 -1.000 3174.141 3174.141 64 64 78 79 64 -1" )
	call Preload( "B 190 -1 -1 -1 -1 2 0 0 1 0" )
	call Preload( "A 191 3190.803 -1.000 -1.000 3190.803 3190.803 64 64 79 80 64 -1" )
	call Preload( "B 191 -1 -1 -1 -1 2 0 0 1 0" )
	call Preload( "A 192 3207.466 -1.000 -1.000 3207.466 3207.466 64 64 80 81 64 -1" )
	call Preload( "B 192 -1 -1 -1 -1 2 0 0 1 0" )
	call Preload( "A 193 3224.129 -1.000 -1.000 3224.129 3224.129 64 64 81 82 64 -1" )
	call Preload( "B 193 -1 -1 -1 -1 2 0 0 1 0" )
	call Preload( "A 194 3240.791 -1.000 -1.000 3240.791 3240.791 64 64 82 83 64 -1" )
	call Preload( "B 194 -1 -1 -1 -1 2 0 0 1 0" )
	call Preload( "A 195 3257.454 -1.000 -1.000 3257.454 3257.454 64 64 83 84 64 -1" )
	call Preload( "B 195 -1 -1 -1 -1 2 0 0 1 0" )
	call Preload( "A 196 3274.116 -1.000 -1.000 3274.116 3274.116 64 64 84 85 64 -1" )
	call Preload( "B 196 -1 -1 -1 -1 2 0 0 1 0" )
	call Preload( "A 197 3290.779 -1.000 -1.000 3290.779 3290.779 64 64 85 86 64 -1" )
	call Preload( "B 197 -1 -1 -1 -1 2 0 0 1 0" )
	call Preload( "A 198 3307.442 -1.000 -1.000 3307.442 3307.442 64 64 86 87 64 -1" )
	call Preload( "B 198 -1 -1 -1 -1 2 0 0 1 0" )
	call Preload( "A 199 3324.104 -1.000 -1.000 3324.104 3324.104 64 64 87 88 64 -1" )
	call Preload( "B 199 -1 -1 -1 -1 2 0 0 1 0" )
	call Preload( "A 200 3340.767 -1.000 -1.000 3340.767 3340.767 64 64 88 89 64 -1" )
	call Preload( "B 200 -1 -1 -1 -1 2 0 0 1 0" )
	call Preload( "A 201 3357.429 -1.000 -1.000 3357.429 3357.429 64 64 89 89 64 -1" )
	call Preload( "B 201 -1 -1 -1 -1 2 0 0 1 0" )
	call Preload( "A 202 3374.092 -1.000 -1.000 3374.092 3374.092 64 64 89 89 64 -1" )
	call Preload( "B 202 -1 -1 -1 -1 2 0 0 1 0" )
	call Preload( "A 203 3390.755 -1.000 -1.000 3390.755 3390.755 64 64 89 89 64 -1" )
	call Preload( "B 203 -1 -1 -1 -1 2 0 0 1 0" )
	call Preload( "A 204 3407.417 -1.000 -1.000 3407.417 3407.417 64 64 89 89 64 -1" )
	call Preload( "B 204 -1 -1 -1 -1 2 0 0 1 0" )
	call Preload( "A 205 3424.080 -1.000 -1.000 3424.080 3424.080 64 64 89 89 64 -1" )
	call Preload( "B 205 -1 -1 -1 -1 2 0 0 1 0" )
	call Preload( "A 206 3440.742 -1.000 -1.000 3440.742 3440.742 64 64 89 89 64 -1" )
	call Preload( "B 206 -1 -1 -1 -1 2 0 0 1 0" )
	call Preload( "A 207 3457.405 -1.000 -1.000 3457.405 3457.405 64 64 89 89 64 -1" )
	call Preload( "B 207 -1 -1 -1 -1 2 0 0 1 0" )
	call Preload( "A 208 3474.068 -1.000 -1.000 3474.068 3474.068 64 64 89 89 64 -1" )
	call Preload( "B 208 -1 -1 -1 -1 2 0 0 1 0" )
	call Preload( "A 209 3490.730 -1.000 -1.000 3490.730 3490.730 64 64 89 89 64 -1" )
	call Preload( "B 209 -1 -1 -1 -1 2 0 0 1 0" )
	call Preload( "A 210 3507.393 -1.000 -1.000 3507.393 3507.393 64 64 89 89 64 -1" )
	call Preload( "B 210 -1 -1 -1 -1 2 0 0 1 0" )
	call Preload( "A 211 3524.055 -1.000 -1.000 3524.055 3524.055 64 64 89 89 64 -1" )
	call Preload( "B 211 -1 -1 -1 -1 2 0 0 1 0" )
	call Preload( "A 212 3540.718 -1.000 -1.000 3540.718 3540.718 64 64 89 89 64 -1" )
	call Preload( "B 212 -1 -1 -1 -1 2 0 0 1 0" )
	call Preload( "A 213 3557.381 -1.000 -1.000 3557.381 3557.381 64 64 89 89 64 -1" )
	call Preload( "B 213 -1 -1 -1 -1 2 0 0 1 0" )
	call Preload( "A 214 3574.043 -1.000 -1.000 3574.043 3574.043 64 64 89 89 64 -1" )
	call Preload( "B 214 -1 -1 -1 -1 2 0 0 1 0" )
	call Preload( "A 215 3590.706 -1.000 -1.000 3590.706 3590.706 64 64 89 89 64 -1" )
	call Preload( "B 215 -1 -1 -1 -1 2 0 0 1 0" )
	call Preload( "A 216 3607.368 -1.000 -1.000 3607.368 3607.368 64 64 89 89 64 -1" )
	call Preload( "B 216 -1 -1 -1 -1 2 0 0 1 0" )
	call Preload( "A 217 3624.031 -1.000 -1.000 3624.031 3624.031 64 64 89 89 64 -1" )
	call Preload( "B 217 -1 -1 -1 -1 2 0 0 1 0" )
	call Preload( "A 218 3640.694 -1.000 -1.000 3640.694 3640.694 64 64 89 89 64 -1" )
	call Preload( "B 218 -1 -1 -1 -1 2 0 0 1 0" )
	call Preload( "A 219 3657.356 -1.000 -1.000 3657.356 3657.356 64 64 89 89 64 -1" )
	call Preload( "B 219 -1 -1 -1 -1 2 0 0 1 0" )
	call Preload( "A 220 3674.019 -1.000 -1.000 3674.019 3674.019 64 64 89 89 64 -1" )
	call Preload( "B 220 -1 -1 -1 -1 2 0 0 1 0" )
	call Preload( "A 221 3690.681 -1.000 -1.000 3690.681 3690.681 64 64 89 89 64 -1" )
	call Preload( "B 221 -1 -1 -1 -1 2 0 0 1 0" )
	call Preload( "A 222 3707.344 -1.000 -1.000 3707.344 3707.344 64 64 89 89 64 -1" )
	call Preload( "B 222 -1 -1 -1 -1 2 0 0 1 0" )
	call Preload( "A 223 3724.007 -1.000 -1.000 3724.007 3724.007 64 64 89 89 64 -1" )
	call Preload( "B 223 -1 -1 -1 -1 2 0 0 1 0" )
	call Preload( "A 224 3740.669 -1.000 -1.000 3740.669 3740.669 64 64 89 89 64 -1" )
	call Preload( "B 224 -1 -1 -1 -1 2 0 0 1 0" )
	call Preload( "A 225 3757.332 -1.000 -1.000 3757.332 3757.332 64 64 89 89 64 -1" )
	call Preload( "B 225 -1 -1 -1 -1 2 0 0 1 0" )
	call Preload( "A 226 3773.994 -1.000 -1.000 3773.994 3773.994 64 64 89 89 64 -1" )
	call Preload( "B 226 -1 -1 -1 -1 2 0 0 1 0" )
	call Preload( "A 227 3790.657 -1.000 -1.000 3790.657 3790.657 64 64 89 89 64 -1" )
	call Preload( "B 227 -1 -1 -1 -1 2 0 0 1 0" )
	call Preload( "A 228 3807.320 -1.000 -1.000 3807.320 3807.320 64 64 89 89 64 -1" )
	call Preload( "B 228 -1 -1 -1 -1 2 0 0 1 0" )
	call Preload( "A 229 3823.982 -1.000 -1.000 3823.982 3823.982 64 64 89 89 64 -1" )
	call Preload( "B 229 -1 -1 -1 -1 2 0 0 1 0" )
	call Preload( "A 230 3840.645 -1.000 -1.000 3840.645 3840.645 64 64 89 89 64 -1" )
	call Preload( "B 230 -1 -1 -1 -1 2 0 0 1 0" )
	call Preload( "A 231 3857.307 -1.000 -1.000 3857.307 3857.307 64 64 89 89 64 -1" )
	call Preload( "B 231 -1 -1 -1 -1 2 0 0 1 0" )
	call Preload( "A 232 3873.970 -1.000 -1.000 3873.970 3873.970 64 64 89 89 64 -1" )
	call Preload( "B 232 -1 -1 -1 -1 2 0 0 1 0" )
	call Preload( "A 233 3890.633 -1.000 -1.000 3890.633 3890.633 64 64 89 89 64 -1" )
	call Preload( "B 233 -1 -1 -1 -1 2 0 0 1 0" )
	call Preload( "A 234 3907.295 -1.000 -1.000 3907.295 3907.295 64 64 89 89 64 -1" )
	call Preload( "B 234 -1 -1 -1 -1 2 0 0 1 0" )
	call Preload( "A 235 3923.958 -1.000 -1.000 3923.958 3923.958 64 64 89 89 64 -1" )
	call Preload( "B 235 -1 -1 -1 -1 2 0 0 1 0" )
	call Preload( "A 236 3940.620 -1.000 -1.000 3940.620 3940.620 64 64 89 89 64 -1" )
	call Preload( "B 236 -1 -1 -1 -1 2 0 0 1 0" )
	call Preload( "A 237 3957.283 -1.000 -1.000 3957.283 3957.283 64 64 89 89 64 -1" )
	call Preload( "B 237 -1 -1 -1 -1 2 0 0 1 0" )
	call Preload( "A 238 3973.946 -1.000 -1.000 3973.946 3973.946 64 64 89 89 64 -1" )
	call Preload( "B 238 -1 -1 -1 -1 2 0 0 1 0" )
	call Preload( "A 239 3990.608 -1.000 -1.000 3990.608 3990.608 64 64 89 89 64 -1" )
	call Preload( "B 239 -1 -1 -1 -1 2 0 0 1 0" )
	call Preload( "A 240 4007.271 -1.000 -1.000 4007.271 4007.271 64 64 89 89 64 -1" )
	call Preload( "B 240 -1 -1 -1 -1 2 0 0 1 0" )
	call Preload( "A 241 4023.933 -1.000 -1.000 4023.933 4023.933 64 64 89 89 64 -1" )
	call Preload( "B 241 -1 -1 -1 -1 2 0 0 1 0" )
	call Preload( "A 242 4040.596 -1.000 -1.000 4040.596 4040.596 64 64 89 89 64 -1" )
	call Preload( "B 242 -1 -1 -1 -1 2 0 0 1 0" )
	call Preload( "A 243 4057.259 -1.000 -1.000 4057.259 4057.259 64 64 89 89 64 -1" )
	call Preload( "B 243 -1 -1 -1 -1 2 0 0 1 0" )
	call Preload( "A 244 4073.921 -1.000 -1.000 4073.921 4073.921 64 64 89 89 64 -1" )
	call Preload( "B 244 -1 -1 -1 -1 2 0 0 1 0" )
	call Preload( "A 245 4090.584 -1.000 -1.000 4090.584 4090.584 64 64 89 89 64 -1" )
	call Preload( "B 245 -1 -1 -1 -1 2 0 0 1 0" )
	call Preload( "A 246 4107.246 -1.000 -1.000 4107.246 4107.246 64 64 89 89 64 -1" )
	call Preload( "B 246 -1 -1 -1 -1 2 0 0 1 0" )
	call Preload( "A 247 4123.909 -1.000 -1.000 4123.909 4123.909 64 64 89 89 64 -1" )
	call Preload( "B 247 -1 -1 -1 -1 2 0 0 1 0" )
	call Preload( "A 248 4140.571 -1.000 -1.000 4140.571 4140.571 64 64 89 89 64 -1" )
	call Preload( "B 248 -1 -1 -1 -1 2 0 0 1 0" )
	call Preload( "A 249 4157.234 -1.000 -1.000 4157.234 4157.234 64 64 89 89 64 -1" )
	call Preload( "B 249 -1 -1 -1 -1 2 0 0 1 0" )
	call Preload( "A 250 4173.896 -1.000 -1.000 4173.896 4173.896 64 64 89 89 64 -1" )
	call Preload( "B 250 -1 -1 -1 -1 2 0 0 1 0" )
	call Preload( "A 251 4190.559 -1.000 -1.000 4190.559 4190.559 64 64 89 89 64 -1" )
	call Preload( "B 251 -1 -1 -1 -1 2 0 0 1 0" )
	call Preload( "A 252 4207.222 -1.000 -1.000 4207.222 4207.222 64 64 89 89 64 -1" )
	call Preload( "B 252 -1 -1 -1 -1 2 0 0 1 0" )
	call Preload( "A 253 4223.884 -1.000 -1.000 4223.884 4223.884 64 64 89 89 64 -1" )
	call Preload( "B 253 -1 -1 -1 -1 2 0 0 1 0" )
	call Preload( "A 254 4240.547 -1.000 -1.000 4240.547 4240.547 64 64 89 89 64 -1" )
	call Preload( "B 254 -1 -1 -1 -1 2 0 0 1 0" )
	call Preload( "A 255 4257.209 -1.000 -1.000 4257.209 4257.209 64 64 89 89 64 -1" )
	call Preload( "B 255 -1 -1 -1 -1 2 0 0 1 0" )
	call Preload( "A 256 4273.872 -1.000 -1.000 4273.872 4273.872 64 64 89 89 64 -1" )
	call Preload( "B 256 -1 -1 -1 -1 2 0 0 1 0" )
	call Preload( "A 257 4290.535 -1.000 -1.000 4290.535 4290.535 64 64 89 89 64 -1" )
	call Preload( "B 257 -1 -1 -1 -1 2 0 0 1 0" )
	call Preload( "A 258 4307.197 -1.000 -1.000 4307.197 4307.197 64 64 89 89 64 -1" )
	call Preload( "B 258 -1 -1 -1 -1 2 0 0 1 0" )
	call Preload( "A 259 4323.860 -1.000 -1.000 4323.860 4323.860 64 64 89 89 64 -1" )
	call Preload( "B 259 -1 -1 -1 -1 2 0 0 1 0" )
	call Preload( "A 260 4340.522 -1.000 -1.000 4340.522 4340.522 64 64 89 89 64 -1" )
	call Preload( "B 260 -1 -1 -1 -1 2 0 0 1 0" )
	call Preload( "A 261 4357.185 -1.000 -1.000 4357.185 4357.185 64 64 89 89 64 -1" )
	call Preload( "B 261 -1 -1 -1 -1 2 0 0 1 0" )
	call Preload( "A 262 4373.848 -1.000 -1.000 4373.848 4373.848 64 64 89 89 64 -1" )
	call Preload( "B 262 -1 -1 -1 -1 2 0 0 1 0" )
	call Preload( "A 263 4390.510 -1.000 -1.000 4390.510 4390.510 64 64 89 89 64 -1" )
	call Preload( "B 263 -1 -1 -1 -1 2 0 0 1 0" )
	call Preload( "A 264 4407.173 -1.000 -1.000 4407.173 4407.173 64 64 89 89 64 -1" )
	call Preload( "B 264 -1 -1 -1 -1 2 0 0 1 0" )
	call Preload( "A 265 4423.835 -1.000 -1.000 4423.835 4423.835 64 64 89 89 64 -1" )
	call Preload( "B 265 -1 -1 -1 -1 2 0 0 1 0" )
	call Preload( "A 266 4440.498 -1.000 -1.000 4440.498 4440.498 64 64 89 89 64 -1" )
	call Preload( "B 266 -1 -1 -1 -1 2 0 0 1 0" )
	call Preload( "A 267 4457.161 -1.000 -1.000 4457.161 4457.161 64 64 89 89 64 -1" )
	call Preload( "B 267 -1 -1 -1 -1 2 0 0 1 0" )
	call Preload( "A 268 4473.823 -1.000 -1.000 4473.823 4473.823 64 64 89 89 64 -1" )
	call Preload( "B 268 -1 -1 -1 -1 2 0 0 1 0" )
	call Preload( "A 269 4490.486 -1.000 -1.000 4490.486 4490.486 64 64 89 89 64 -1" )
	call Preload( "B 269 -1 -1 -1 -1 2 0 0 1 0" )
	call Preload( "A 270 4507.148 -1.000 -1.000 4507.148 4507.148 64 64 89 89 64 -1" )
	call Preload( "B 270 -1 -1 -1 -1 2 0 0 1 0" )
	call Preload( "A 271 4523.811 -1.000 -1.000 4523.811 4523.811 64 64 89 89 64 -1" )
	call Preload( "B 271 -1 -1 -1 -1 2 0 0 1 0" )
	call Preload( "A 272 4540.474 -1.000 -1.000 4540.474 4540.474 64 64 89 89 64 -1" )
	call Preload( "B 272 -1 -1 -1 -1 2 0 0 1 0" )
	call Preload( "A 273 4557.136 -1.000 -1.000 4557.136 4557.136 64 64 89 89 64 -1" )
	call Preload( "B 273 -1 -1 -1 -1 2 0 0 1 0" )
	call Preload( "A 274 4573.799 -1.000 -1.000 4573.799 4573.799 64 64 89 89 64 -1" )
	call Preload( "B 274 -1 -1 -1 -1 2 0 0 1 0" )
	call Preload( "A 275 4590.461 -1.000 -1.000 4590.461 4590.461 64 64 89 89 64 -1" )
	call Preload( "B 275 -1 -1 -1 -1 2 0 0 1 0" )
	call Preload( "A 276 4607.124 -1.000 -1.000 4607.124 4607.124 64 64 89 89 64 -1" )
	call Preload( "B 276 -1 -1 -1 -1 2 0 0 1 0" )
	call Preload( "A 277 4623.787 -1.000 -1.000 4623.787 4623.787 64 64 89 89 64 -1" )
	call Preload( "B 277 -1 -1 -1 -1 2 0 0 1 0" )
	call Preload( "A 278 4640.449 -1.000 -1.000 4640.449 4640.449 64 64 89 89 64 -1" )
	call Preload( "B 278 -1 -1 -1 -1 2 0 0 1 0" )
	call Preload( "A 279 4657.112 -1.000 -1.000 4657.112 4657.112 64 64 89 89 64 -1" )
	call Preload( "B 279 -1 -1 -1 -1 2 0 0 1 0" )
	call Preload( "A 280 4673.774 -1.000 -1.000 4673.774 4673.774 64 64 89 89 64 -1" )
	call Preload( "B 280 -1 -1 -1 -1 2 0 0 1 0" )
	call Preload( "A 281 4690.437 -1.000 -1.000 4690.437 4690.437 64 64 89 89 64 -1" )
	call Preload( "B 281 -1 -1 -1 -1 2 0 0 1 0" )
	call Preload( "A 282 4707.100 -1.000 -1.000 4707.100 4707.100 64 64 89 89 64 -1" )
	call Preload( "B 282 -1 -1 -1 -1 2 0 0 1 0" )
	call Preload( "A 283 4723.762 -1.000 -1.000 4723.762 4723.762 64 64 89 89 64 -1" )
	call Preload( "B 283 -1 -1 -1 -1 2 0 0 1 0" )
	call Preload( "A 284 4740.425 -1.000 -1.000 4740.425 4740.425 64 64 89 89 64 -1" )
	call Preload( "B 284 -1 -1 -1 -1 2 0 0 1 0" )
	call Preload( "A 285 4757.087 -1.000 -1.000 4757.087 4757.087 64 64 89 89 64 -1" )
	call Preload( "B 285 -1 -1 -1 -1 2 0 0 1 0" )
	call Preload( "A 286 4773.750 -1.000 -1.000 4773.750 4773.750 64 64 89 89 64 -1" )
	call Preload( "B 286 -1 -1 -1 -1 2 0 0 1 0" )
	call Preload( "A 287 4790.413 -1.000 -1.000 4790.413 4790.413 64 64 89 89 64 -1" )
	call Preload( "B 287 -1 -1 -1 -1 2 0 0 1 0" )
	call Preload( "A 288 4807.075 -1.000 -1.000 4807.075 4807.075 64 64 89 89 64 -1" )
	call Preload( "B 288 -1 -1 -1 -1 2 0 0 1 0" )
	call Preload( "A 289 4823.738 -1.000 -1.000 4823.738 4823.738 64 64 89 89 64 -1" )
	call Preload( "B 289 -1 -1 -1 -1 2 0 0 1 0" )
	call Preload( "A 290 4840.400 -1.000 -1.000 4840.400 4840.400 64 64 89 89 64 -1" )
	call Preload( "B 290 -1 -1 -1 -1 2 0 0 1 0" )
	call Preload( "A 291 4857.063 -1.000 -1.000 4857.063 4857.063 64 64 89 89 64 -1" )
	call Preload( "B 291 -1 -1 -1 -1 2 0 0 1 0" )
	call Preload( "A 292 4873.726 -1.000 -1.000 4873.726 4873.726 64 64 89 89 64 -1" )
	call Preload( "B 292 -1 -1 -1 -1 2 0 0 1 0" )
	call Preload( "A 293 4890.388 -1.000 -1.000 4890.388 4890.388 64 64 89 89 64 -1" )
	call Preload( "B 293 -1 -1 -1 -1 2 0 0 1 0" )
	call Preload( "A 294 4907.051 -1.000 -1.000 4907.051 4907.051 64 64 89 89 64 -1" )
	call Preload( "B 294 -1 -1 -1 -1 2 0 0 1 0" )
	call Preload( "A 295 4923.713 -1.000 -1.000 4923.713 4923.713 64 64 89 89 64 -1" )
	call Preload( "B 295 -1 -1 -1 -1 2 0 0 1 0" )
	call Preload( "A 296 4940.376 -1.000 -1.000 4940.376 4940.376 64 64 89 89 64 -1" )
	call Preload( "B 296 -1 -1 -1 -1 2 0 0 1 0" )
	call Preload( "A 297 4957.039 -1.000 -1.000 4957.039 4957.039 64 64 89 89 64 -1" )
	call Preload( "B 297 -1 -1 -1 -1 2 0 0 1 0" )
	call Preload( "A 298 4973.701 -1.000 -1.000 4973.701 4973.701 64 64 89 89 64 -1" )
	call Preload( "B 298 -1 -1 -1 -1 2 0 0 1 0" )
	call Preload( "A 299 4990.364 -1.000 -1.000 4990.364 4990.364 64 64 89 89 64 -1" )
	call Preload( "B 299 -1 -1 -1 -1 2 0 0 1 0" )
	call PreloadEnd( 0.0 )

endfunction


