function PreloadFiles takes nothing returns nothing

	call PreloadStart()
	call Preload( "RS v=2 build=20261003T221416375056960 local=1 run=1 page=5 rows=2179 mode=clean edge_pairs=0 edge_limit=64 edge_dropped=0" )
	call Preload( "counts poll=416 capture_attempt=0 advance=2179 present=2179" )
	call Preload( "clock=native-game-ms not-host-wall; row=zero-based-service; marker_x=0.04+(row%32)*0.0032 y=0.595-((row/32)%4)*0.01" )
	call Preload( "A row entry_ms poll_ms capture_ms advance_ms present_ms frame_before frame_after F_before F_after K_before target" )
	call Preload( "B row held pressed released capture_result phase confirmed_shield predicted_shield pose_serial correction" )
	call Preload( "A 750 12505.195 -1.000 -1.000 12505.195 12505.195 160 160 185 185 160 -1" )
	call Preload( "B 750 -1 -1 -1 -1 2 0 0 2 0" )
	call Preload( "A 751 12521.857 -1.000 -1.000 12521.857 12521.857 160 160 185 185 160 -1" )
	call Preload( "B 751 -1 -1 -1 -1 2 0 0 2 0" )
	call Preload( "A 752 12538.521 -1.000 -1.000 12538.521 12538.521 160 160 185 185 160 -1" )
	call Preload( "B 752 -1 -1 -1 -1 2 0 0 2 0" )
	call Preload( "A 753 12555.183 -1.000 -1.000 12555.183 12555.183 160 160 185 185 160 -1" )
	call Preload( "B 753 -1 -1 -1 -1 2 0 0 2 0" )
	call Preload( "A 754 12571.846 -1.000 -1.000 12571.846 12571.846 160 160 185 185 160 -1" )
	call Preload( "B 754 -1 -1 -1 -1 2 0 0 2 0" )
	call Preload( "A 755 12588.508 -1.000 -1.000 12588.508 12588.508 160 160 185 185 160 -1" )
	call Preload( "B 755 -1 -1 -1 -1 2 0 0 2 0" )
	call Preload( "A 756 12605.171 -1.000 -1.000 12605.171 12605.171 160 160 185 185 160 -1" )
	call Preload( "B 756 -1 -1 -1 -1 2 0 0 2 0" )
	call Preload( "A 757 12621.833 -1.000 -1.000 12621.833 12621.833 160 160 185 185 160 -1" )
	call Preload( "B 757 -1 -1 -1 -1 2 0 0 2 0" )
	call Preload( "A 758 12638.496 -1.000 -1.000 12638.496 12638.496 160 160 185 185 160 -1" )
	call Preload( "B 758 -1 -1 -1 -1 2 0 0 2 0" )
	call Preload( "A 759 12655.158 -1.000 -1.000 12655.158 12655.158 160 160 185 185 160 -1" )
	call Preload( "B 759 -1 -1 -1 -1 2 0 0 2 0" )
	call Preload( "A 760 12671.821 -1.000 -1.000 12671.821 12671.821 160 160 185 185 160 -1" )
	call Preload( "B 760 -1 -1 -1 -1 2 0 0 2 0" )
	call Preload( "A 761 12688.483 -1.000 -1.000 12688.483 12688.483 160 160 185 185 160 -1" )
	call Preload( "B 761 -1 -1 -1 -1 2 0 0 2 0" )
	call Preload( "A 762 12705.146 -1.000 -1.000 12705.146 12705.146 160 160 185 185 160 -1" )
	call Preload( "B 762 -1 -1 -1 -1 2 0 0 2 0" )
	call Preload( "A 763 12721.809 -1.000 -1.000 12721.809 12721.809 160 160 185 185 160 -1" )
	call Preload( "B 763 -1 -1 -1 -1 2 0 0 2 0" )
	call Preload( "A 764 12738.472 -1.000 -1.000 12738.472 12738.472 160 160 185 185 160 -1" )
	call Preload( "B 764 -1 -1 -1 -1 2 0 0 2 0" )
	call Preload( "A 765 12755.134 -1.000 -1.000 12755.134 12755.134 160 160 185 185 160 -1" )
	call Preload( "B 765 -1 -1 -1 -1 2 0 0 2 0" )
	call Preload( "A 766 12771.797 -1.000 -1.000 12771.797 12771.797 160 160 185 185 160 -1" )
	call Preload( "B 766 -1 -1 -1 -1 2 0 0 2 0" )
	call Preload( "A 767 12788.459 -1.000 -1.000 12788.459 12788.459 160 160 185 185 160 -1" )
	call Preload( "B 767 -1 -1 -1 -1 2 0 0 2 0" )
	call Preload( "A 768 12805.122 -1.000 -1.000 12805.122 12805.122 160 160 185 185 160 -1" )
	call Preload( "B 768 -1 -1 -1 -1 2 0 0 2 0" )
	call Preload( "A 769 12821.784 -1.000 -1.000 12821.784 12821.784 160 160 185 185 160 -1" )
	call Preload( "B 769 -1 -1 -1 -1 2 0 0 2 0" )
	call Preload( "A 770 12838.447 -1.000 -1.000 12838.447 12838.447 160 160 185 185 160 -1" )
	call Preload( "B 770 -1 -1 -1 -1 2 0 0 2 0" )
	call Preload( "A 771 12855.109 -1.000 -1.000 12855.109 12855.109 160 160 185 185 160 -1" )
	call Preload( "B 771 -1 -1 -1 -1 2 0 0 2 0" )
	call Preload( "A 772 12871.772 -1.000 -1.000 12871.772 12871.772 160 160 185 185 160 -1" )
	call Preload( "B 772 -1 -1 -1 -1 2 0 0 2 0" )
	call Preload( "A 773 12888.435 -1.000 -1.000 12888.435 12888.435 160 160 185 185 160 -1" )
	call Preload( "B 773 -1 -1 -1 -1 2 0 0 2 0" )
	call Preload( "A 774 12905.098 -1.000 -1.000 12905.098 12905.098 160 160 185 185 160 -1" )
	call Preload( "B 774 -1 -1 -1 -1 2 0 0 2 0" )
	call Preload( "A 775 12921.760 -1.000 -1.000 12921.760 12921.760 160 160 185 185 160 -1" )
	call Preload( "B 775 -1 -1 -1 -1 2 0 0 2 0" )
	call Preload( "A 776 12938.423 -1.000 -1.000 12938.423 12938.423 160 160 185 185 160 -1" )
	call Preload( "B 776 -1 -1 -1 -1 2 0 0 2 0" )
	call Preload( "A 777 12955.085 -1.000 -1.000 12955.085 12955.085 160 160 185 185 160 -1" )
	call Preload( "B 777 -1 -1 -1 -1 2 0 0 2 0" )
	call Preload( "A 778 12971.748 -1.000 -1.000 12971.748 12971.748 160 160 185 185 160 -1" )
	call Preload( "B 778 -1 -1 -1 -1 2 0 0 2 0" )
	call Preload( "A 779 12988.410 -1.000 -1.000 12988.410 12988.410 160 160 185 185 160 -1" )
	call Preload( "B 779 -1 -1 -1 -1 2 0 0 2 0" )
	call Preload( "A 780 13005.073 -1.000 -1.000 13005.073 13005.073 160 160 185 185 160 -1" )
	call Preload( "B 780 -1 -1 -1 -1 2 0 0 2 0" )
	call Preload( "A 781 13021.735 -1.000 -1.000 13021.735 13021.735 160 160 185 185 160 -1" )
	call Preload( "B 781 -1 -1 -1 -1 2 0 0 2 0" )
	call Preload( "A 782 13038.398 -1.000 -1.000 13038.398 13038.398 160 160 185 185 160 -1" )
	call Preload( "B 782 -1 -1 -1 -1 2 0 0 2 0" )
	call Preload( "A 783 13055.061 -1.000 -1.000 13055.061 13055.061 160 160 185 185 160 -1" )
	call Preload( "B 783 -1 -1 -1 -1 2 0 0 2 0" )
	call Preload( "A 784 13071.724 -1.000 -1.000 13071.724 13071.724 160 160 185 185 160 -1" )
	call Preload( "B 784 -1 -1 -1 -1 2 0 0 2 0" )
	call Preload( "A 785 13088.386 -1.000 -1.000 13088.386 13088.386 160 160 185 185 160 -1" )
	call Preload( "B 785 -1 -1 -1 -1 2 0 0 2 0" )
	call Preload( "A 786 13105.049 -1.000 -1.000 13105.049 13105.049 160 160 185 185 160 -1" )
	call Preload( "B 786 -1 -1 -1 -1 2 0 0 2 0" )
	call Preload( "A 787 13121.711 -1.000 -1.000 13121.711 13121.711 160 160 185 185 160 -1" )
	call Preload( "B 787 -1 -1 -1 -1 2 0 0 2 0" )
	call Preload( "A 788 13138.374 -1.000 -1.000 13138.374 13138.374 160 160 185 185 160 -1" )
	call Preload( "B 788 -1 -1 -1 -1 2 0 0 2 0" )
	call Preload( "A 789 13155.036 -1.000 -1.000 13155.036 13155.036 160 160 185 185 160 -1" )
	call Preload( "B 789 -1 -1 -1 -1 2 0 0 2 0" )
	call Preload( "A 790 13171.699 -1.000 -1.000 13171.699 13171.699 160 160 185 185 160 -1" )
	call Preload( "B 790 -1 -1 -1 -1 2 0 0 2 0" )
	call Preload( "A 791 13188.361 -1.000 -1.000 13188.361 13188.361 160 160 185 185 160 -1" )
	call Preload( "B 791 -1 -1 -1 -1 2 0 0 2 0" )
	call Preload( "A 792 13205.024 -1.000 -1.000 13205.024 13205.024 160 160 185 185 160 -1" )
	call Preload( "B 792 -1 -1 -1 -1 2 0 0 2 0" )
	call Preload( "A 793 13221.687 -1.000 -1.000 13221.687 13221.687 160 160 185 185 160 -1" )
	call Preload( "B 793 -1 -1 -1 -1 2 0 0 2 0" )
	call Preload( "A 794 13238.350 -1.000 -1.000 13238.350 13238.350 160 160 185 185 160 -1" )
	call Preload( "B 794 -1 -1 -1 -1 2 0 0 2 0" )
	call Preload( "A 795 13255.012 -1.000 -1.000 13255.012 13255.012 160 160 185 185 160 -1" )
	call Preload( "B 795 -1 -1 -1 -1 2 0 0 2 0" )
	call Preload( "A 796 13271.675 -1.000 -1.000 13271.675 13271.675 160 160 185 185 160 -1" )
	call Preload( "B 796 -1 -1 -1 -1 2 0 0 2 0" )
	call Preload( "A 797 13288.337 -1.000 -1.000 13288.337 13288.337 160 160 185 185 160 -1" )
	call Preload( "B 797 -1 -1 -1 -1 2 0 0 2 0" )
	call Preload( "A 798 13305.000 -1.000 -1.000 13305.000 13305.000 160 160 185 185 160 -1" )
	call Preload( "B 798 -1 -1 -1 -1 2 0 0 2 0" )
	call Preload( "A 799 13321.662 -1.000 -1.000 13321.662 13321.662 160 160 185 185 160 -1" )
	call Preload( "B 799 -1 -1 -1 -1 2 0 0 2 0" )
	call Preload( "A 800 13338.325 -1.000 -1.000 13338.325 13338.325 160 160 185 185 160 -1" )
	call Preload( "B 800 -1 -1 -1 -1 2 0 0 2 0" )
	call Preload( "A 801 13354.987 -1.000 -1.000 13354.987 13354.987 160 160 185 185 160 -1" )
	call Preload( "B 801 -1 -1 -1 -1 2 0 0 2 0" )
	call Preload( "A 802 13371.650 -1.000 -1.000 13371.650 13371.650 160 160 185 185 160 -1" )
	call Preload( "B 802 -1 -1 -1 -1 2 0 0 2 0" )
	call Preload( "A 803 13388.313 -1.000 -1.000 13388.313 13388.313 160 160 185 185 160 -1" )
	call Preload( "B 803 -1 -1 -1 -1 2 0 0 2 0" )
	call Preload( "A 804 13404.976 -1.000 -1.000 13404.976 13404.976 160 160 185 185 160 -1" )
	call Preload( "B 804 -1 -1 -1 -1 2 0 0 2 0" )
	call Preload( "A 805 13421.638 -1.000 -1.000 13421.638 13421.638 160 160 185 185 160 -1" )
	call Preload( "B 805 -1 -1 -1 -1 2 0 0 2 0" )
	call Preload( "A 806 13438.301 -1.000 -1.000 13438.301 13438.301 160 160 185 185 160 -1" )
	call Preload( "B 806 -1 -1 -1 -1 2 0 0 2 0" )
	call Preload( "A 807 13454.963 -1.000 -1.000 13454.963 13454.963 160 160 185 185 160 -1" )
	call Preload( "B 807 -1 -1 -1 -1 2 0 0 2 0" )
	call Preload( "A 808 13471.626 -1.000 -1.000 13471.626 13471.626 160 160 185 185 160 -1" )
	call Preload( "B 808 -1 -1 -1 -1 2 0 0 2 0" )
	call Preload( "A 809 13488.288 -1.000 -1.000 13488.288 13488.288 160 160 185 185 160 -1" )
	call Preload( "B 809 -1 -1 -1 -1 2 0 0 2 0" )
	call Preload( "A 810 13504.951 -1.000 -1.000 13504.951 13504.951 160 160 185 185 160 -1" )
	call Preload( "B 810 -1 -1 -1 -1 2 0 0 2 0" )
	call Preload( "A 811 13521.613 -1.000 -1.000 13521.613 13521.613 160 160 185 185 160 -1" )
	call Preload( "B 811 -1 -1 -1 -1 2 0 0 2 0" )
	call Preload( "A 812 13538.276 -1.000 -1.000 13538.276 13538.276 160 160 185 185 160 -1" )
	call Preload( "B 812 -1 -1 -1 -1 2 0 0 2 0" )
	call Preload( "A 813 13554.938 -1.000 -1.000 13554.938 13554.938 160 160 185 185 160 -1" )
	call Preload( "B 813 -1 -1 -1 -1 2 0 0 2 0" )
	call Preload( "A 814 13571.602 -1.000 -1.000 13571.602 13571.602 160 160 185 185 160 -1" )
	call Preload( "B 814 -1 -1 -1 -1 2 0 0 2 171" )
	call Preload( "A 815 13588.264 -1.000 -1.000 13588.264 13588.264 160 160 185 185 160 -1" )
	call Preload( "B 815 -1 -1 -1 -1 2 0 0 2 0" )
	call Preload( "A 816 13604.927 -1.000 -1.000 13604.927 13604.927 160 160 185 185 160 -1" )
	call Preload( "B 816 -1 -1 -1 -1 2 0 0 2 0" )
	call Preload( "A 817 13621.589 -1.000 -1.000 13621.589 13621.589 160 160 185 185 160 -1" )
	call Preload( "B 817 -1 -1 -1 -1 2 0 0 2 0" )
	call Preload( "A 818 13638.252 -1.000 -1.000 13638.252 13638.252 160 160 185 185 160 -1" )
	call Preload( "B 818 -1 -1 -1 -1 2 0 0 2 0" )
	call Preload( "A 819 13654.914 -1.000 -1.000 13654.914 13654.914 160 160 185 185 160 -1" )
	call Preload( "B 819 -1 -1 -1 -1 2 0 0 2 0" )
	call Preload( "A 820 13671.577 -1.000 -1.000 13671.577 13671.577 160 160 185 185 160 -1" )
	call Preload( "B 820 -1 -1 -1 -1 2 0 0 2 0" )
	call Preload( "A 821 13688.239 -1.000 -1.000 13688.239 13688.239 160 160 185 185 160 -1" )
	call Preload( "B 821 -1 -1 -1 -1 2 0 0 2 0" )
	call Preload( "A 822 13704.902 -1.000 -1.000 13704.902 13704.902 160 160 185 185 160 -1" )
	call Preload( "B 822 -1 -1 -1 -1 2 0 0 2 0" )
	call Preload( "A 823 13721.564 -1.000 -1.000 13721.564 13721.564 160 160 185 185 160 -1" )
	call Preload( "B 823 -1 -1 -1 -1 2 0 0 2 0" )
	call Preload( "A 824 13738.228 -1.000 -1.000 13738.228 13738.228 160 160 185 185 160 -1" )
	call Preload( "B 824 -1 -1 -1 -1 2 0 0 2 0" )
	call Preload( "A 825 13754.890 -1.000 -1.000 13754.890 13754.890 160 160 185 185 160 -1" )
	call Preload( "B 825 -1 -1 -1 -1 2 0 0 2 0" )
	call Preload( "A 826 13771.553 -1.000 -1.000 13771.553 13771.553 160 160 185 185 160 -1" )
	call Preload( "B 826 -1 -1 -1 -1 2 0 0 2 0" )
	call Preload( "A 827 13788.215 -1.000 -1.000 13788.215 13788.215 160 160 185 185 160 -1" )
	call Preload( "B 827 -1 -1 -1 -1 2 0 0 2 0" )
	call Preload( "A 828 13804.878 -1.000 -1.000 13804.878 13804.878 160 160 185 185 160 -1" )
	call Preload( "B 828 -1 -1 -1 -1 2 0 0 2 0" )
	call Preload( "A 829 13821.540 -1.000 -1.000 13821.540 13821.540 160 160 185 185 160 -1" )
	call Preload( "B 829 -1 -1 -1 -1 2 0 0 2 0" )
	call Preload( "A 830 13838.203 -1.000 -1.000 13838.203 13838.203 160 160 185 185 160 -1" )
	call Preload( "B 830 -1 -1 -1 -1 2 0 0 2 0" )
	call Preload( "A 831 13854.865 -1.000 -1.000 13854.865 13854.865 160 160 185 185 160 -1" )
	call Preload( "B 831 -1 -1 -1 -1 2 0 0 2 0" )
	call Preload( "A 832 13871.528 -1.000 -1.000 13871.528 13871.528 160 160 185 185 160 -1" )
	call Preload( "B 832 -1 -1 -1 -1 2 0 0 2 0" )
	call Preload( "A 833 13888.190 -1.000 -1.000 13888.190 13888.190 160 160 185 185 160 -1" )
	call Preload( "B 833 -1 -1 -1 -1 2 0 0 2 0" )
	call Preload( "A 834 13904.854 -1.000 -1.000 13904.854 13904.854 160 160 185 185 160 -1" )
	call Preload( "B 834 -1 -1 -1 -1 2 0 0 2 0" )
	call Preload( "A 835 13921.516 -1.000 -1.000 13921.516 13921.516 160 160 185 185 160 -1" )
	call Preload( "B 835 -1 -1 -1 -1 2 0 0 2 0" )
	call Preload( "A 836 13938.179 -1.000 -1.000 13938.179 13938.179 160 160 185 185 160 -1" )
	call Preload( "B 836 -1 -1 -1 -1 2 0 0 2 0" )
	call Preload( "A 837 13954.841 -1.000 -1.000 13954.841 13954.841 160 160 185 185 160 -1" )
	call Preload( "B 837 -1 -1 -1 -1 2 0 0 2 0" )
	call Preload( "A 838 13971.504 -1.000 -1.000 13971.504 13971.504 160 160 185 185 160 -1" )
	call Preload( "B 838 -1 -1 -1 -1 2 0 0 2 0" )
	call Preload( "A 839 13988.166 -1.000 -1.000 13988.166 13988.166 160 160 185 185 160 -1" )
	call Preload( "B 839 -1 -1 -1 -1 2 0 0 2 0" )
	call Preload( "A 840 14004.829 -1.000 -1.000 14004.829 14004.829 160 160 185 185 160 -1" )
	call Preload( "B 840 -1 -1 -1 -1 2 0 0 2 0" )
	call Preload( "A 841 14021.491 -1.000 -1.000 14021.491 14021.491 160 160 185 185 160 -1" )
	call Preload( "B 841 -1 -1 -1 -1 2 0 0 2 0" )
	call Preload( "A 842 14038.154 -1.000 -1.000 14038.154 14038.154 160 160 185 185 160 -1" )
	call Preload( "B 842 -1 -1 -1 -1 2 0 0 2 0" )
	call Preload( "A 843 14054.816 -1.000 -1.000 14054.816 14054.816 160 160 185 185 160 -1" )
	call Preload( "B 843 -1 -1 -1 -1 2 0 0 2 0" )
	call Preload( "A 844 14071.479 -1.000 -1.000 14071.479 14071.479 160 160 185 185 160 -1" )
	call Preload( "B 844 -1 -1 -1 -1 2 0 0 2 0" )
	call Preload( "A 845 14088.142 -1.000 -1.000 14088.142 14088.142 160 160 185 185 160 -1" )
	call Preload( "B 845 -1 -1 -1 -1 2 0 0 2 0" )
	call Preload( "A 846 14104.805 -1.000 -1.000 14104.805 14104.805 160 160 185 185 160 -1" )
	call Preload( "B 846 -1 -1 -1 -1 2 0 0 2 0" )
	call Preload( "A 847 14121.467 -1.000 -1.000 14121.467 14121.467 160 160 185 185 160 -1" )
	call Preload( "B 847 -1 -1 -1 -1 2 0 0 2 0" )
	call Preload( "A 848 14138.130 -1.000 -1.000 14138.130 14138.130 160 160 185 185 160 -1" )
	call Preload( "B 848 -1 -1 -1 -1 2 0 0 2 0" )
	call Preload( "A 849 14154.792 -1.000 -1.000 14154.792 14154.792 160 160 185 185 160 -1" )
	call Preload( "B 849 -1 -1 -1 -1 2 0 0 2 0" )
	call Preload( "A 850 14171.455 -1.000 -1.000 14171.455 14171.455 160 160 185 185 160 -1" )
	call Preload( "B 850 -1 -1 -1 -1 2 0 0 2 0" )
	call Preload( "A 851 14188.117 -1.000 -1.000 14188.117 14188.117 160 160 185 185 160 -1" )
	call Preload( "B 851 -1 -1 -1 -1 2 0 0 2 0" )
	call Preload( "A 852 14204.780 -1.000 -1.000 14204.780 14204.780 160 160 185 185 160 -1" )
	call Preload( "B 852 -1 -1 -1 -1 2 0 0 2 0" )
	call Preload( "A 853 14221.442 -1.000 -1.000 14221.442 14221.442 160 160 185 185 160 -1" )
	call Preload( "B 853 -1 -1 -1 -1 2 0 0 2 0" )
	call Preload( "A 854 14238.105 -1.000 -1.000 14238.105 14238.105 160 160 185 185 160 -1" )
	call Preload( "B 854 -1 -1 -1 -1 2 0 0 2 0" )
	call Preload( "A 855 14254.768 -1.000 -1.000 14254.768 14254.768 160 160 185 185 160 -1" )
	call Preload( "B 855 -1 -1 -1 -1 2 0 0 2 0" )
	call Preload( "A 856 14271.431 -1.000 -1.000 14271.431 14271.431 160 160 185 185 160 -1" )
	call Preload( "B 856 -1 -1 -1 -1 2 0 0 2 0" )
	call Preload( "A 857 14288.093 -1.000 -1.000 14288.093 14288.093 160 160 185 185 160 -1" )
	call Preload( "B 857 -1 -1 -1 -1 2 0 0 2 0" )
	call Preload( "A 858 14304.756 -1.000 -1.000 14304.756 14304.756 160 160 185 185 160 -1" )
	call Preload( "B 858 -1 -1 -1 -1 2 0 0 2 0" )
	call Preload( "A 859 14321.418 -1.000 -1.000 14321.418 14321.418 160 160 185 185 160 -1" )
	call Preload( "B 859 -1 -1 -1 -1 2 0 0 2 0" )
	call Preload( "A 860 14338.081 -1.000 -1.000 14338.081 14338.081 160 160 185 185 160 -1" )
	call Preload( "B 860 -1 -1 -1 -1 2 0 0 2 0" )
	call Preload( "A 861 14354.743 -1.000 -1.000 14354.743 14354.743 160 160 185 185 160 -1" )
	call Preload( "B 861 -1 -1 -1 -1 2 0 0 2 0" )
	call Preload( "A 862 14371.406 -1.000 -1.000 14371.406 14371.406 160 160 185 185 160 -1" )
	call Preload( "B 862 -1 -1 -1 -1 2 0 0 2 0" )
	call Preload( "A 863 14388.068 -1.000 -1.000 14388.068 14388.068 160 160 185 185 160 -1" )
	call Preload( "B 863 -1 -1 -1 -1 2 0 0 2 0" )
	call Preload( "A 864 14404.731 -1.000 -1.000 14404.731 14404.731 160 160 185 185 160 -1" )
	call Preload( "B 864 -1 -1 -1 -1 2 0 0 2 0" )
	call Preload( "A 865 14421.394 -1.000 -1.000 14421.394 14421.394 160 160 185 185 160 -1" )
	call Preload( "B 865 -1 -1 -1 -1 2 0 0 2 0" )
	call Preload( "A 866 14438.057 -1.000 -1.000 14438.057 14438.057 160 160 185 185 160 -1" )
	call Preload( "B 866 -1 -1 -1 -1 2 0 0 2 0" )
	call Preload( "A 867 14454.719 -1.000 -1.000 14454.719 14454.719 160 160 185 185 160 -1" )
	call Preload( "B 867 -1 -1 -1 -1 2 0 0 2 0" )
	call Preload( "A 868 14471.382 -1.000 -1.000 14471.382 14471.382 160 160 185 185 160 -1" )
	call Preload( "B 868 -1 -1 -1 -1 2 0 0 2 0" )
	call Preload( "A 869 14488.044 -1.000 -1.000 14488.044 14488.044 160 160 185 185 160 -1" )
	call Preload( "B 869 -1 -1 -1 -1 2 0 0 2 0" )
	call Preload( "A 870 14504.707 -1.000 -1.000 14504.707 14504.707 160 160 185 185 160 -1" )
	call Preload( "B 870 -1 -1 -1 -1 2 0 0 2 0" )
	call Preload( "A 871 14521.369 -1.000 -1.000 14521.369 14521.369 160 160 185 185 160 -1" )
	call Preload( "B 871 -1 -1 -1 -1 2 0 0 2 0" )
	call Preload( "A 872 14538.032 -1.000 -1.000 14538.032 14538.032 160 160 185 185 160 -1" )
	call Preload( "B 872 -1 -1 -1 -1 2 0 0 2 0" )
	call Preload( "A 873 14554.694 -1.000 -1.000 14554.694 14554.694 160 160 185 185 160 -1" )
	call Preload( "B 873 -1 -1 -1 -1 2 0 0 2 0" )
	call Preload( "A 874 14571.357 -1.000 -1.000 14571.357 14571.357 160 160 185 185 160 -1" )
	call Preload( "B 874 -1 -1 -1 -1 2 0 0 2 0" )
	call Preload( "A 875 14588.020 -1.000 -1.000 14588.020 14588.020 160 160 185 185 160 -1" )
	call Preload( "B 875 -1 -1 -1 -1 2 0 0 2 0" )
	call Preload( "A 876 14604.683 -1.000 -1.000 14604.683 14604.683 160 160 185 185 160 -1" )
	call Preload( "B 876 -1 -1 -1 -1 2 0 0 2 0" )
	call Preload( "A 877 14621.345 -1.000 -1.000 14621.345 14621.345 160 160 185 185 160 -1" )
	call Preload( "B 877 -1 -1 -1 -1 2 0 0 2 0" )
	call Preload( "A 878 14638.008 -1.000 -1.000 14638.008 14638.008 160 160 185 185 160 -1" )
	call Preload( "B 878 -1 -1 -1 -1 2 0 0 2 0" )
	call Preload( "A 879 14654.670 -1.000 -1.000 14654.670 14654.670 160 160 185 185 160 -1" )
	call Preload( "B 879 -1 -1 -1 -1 2 0 0 2 0" )
	call Preload( "A 880 14671.333 -1.000 -1.000 14671.333 14671.333 160 160 185 185 160 -1" )
	call Preload( "B 880 -1 -1 -1 -1 2 0 0 2 0" )
	call Preload( "A 881 14687.995 -1.000 -1.000 14687.995 14687.995 160 160 185 185 160 -1" )
	call Preload( "B 881 -1 -1 -1 -1 2 0 0 2 0" )
	call Preload( "A 882 14704.658 -1.000 -1.000 14704.658 14704.658 160 160 185 185 160 -1" )
	call Preload( "B 882 -1 -1 -1 -1 2 0 0 2 0" )
	call Preload( "A 883 14721.320 -1.000 -1.000 14721.320 14721.320 160 166 185 186 192 -1" )
	call Preload( "B 883 -1 -1 -1 -1 2 0 0 2 0" )
	call Preload( "A 884 14737.983 14737.983 -1.000 14737.983 14737.983 166 172 186 187 192 230" )
	call Preload( "B 884 0 0 0 -1 2 0 0 2 0" )
	call Preload( "A 885 14754.646 14754.646 -1.000 14754.646 14754.646 172 178 187 188 192 236" )
	call Preload( "B 885 0 0 0 -1 2 0 0 2 0" )
	call Preload( "A 886 14771.309 14771.309 -1.000 14771.309 14771.309 178 184 188 189 192 242" )
	call Preload( "B 886 0 0 0 -1 2 0 0 2 0" )
	call Preload( "A 887 14787.971 14787.971 -1.000 14787.971 14787.971 184 188 189 190 192 248" )
	call Preload( "B 887 0 0 0 -1 2 0 0 2 0" )
	call Preload( "A 888 14804.634 14804.634 -1.000 14804.634 14804.634 188 189 190 191 192 252" )
	call Preload( "B 888 0 0 0 -1 2 0 0 2 0" )
	call Preload( "A 889 14821.296 -1.000 -1.000 14821.296 14821.296 189 190 191 192 192 -1" )
	call Preload( "B 889 -1 -1 -1 -1 2 0 0 2 0" )
	call Preload( "A 890 14837.959 14837.959 -1.000 14837.959 14837.959 190 191 192 193 192 254" )
	call Preload( "B 890 0 0 0 -1 2 0 0 2 0" )
	call Preload( "A 891 14854.621 -1.000 -1.000 14854.621 14854.621 191 192 193 194 192 -1" )
	call Preload( "B 891 -1 -1 -1 -1 2 0 0 2 0" )
	call Preload( "A 892 14871.284 14871.284 -1.000 14871.284 14871.284 192 192 194 195 192 256" )
	call Preload( "B 892 0 0 0 -1 2 0 0 2 0" )
	call Preload( "A 893 14887.946 -1.000 -1.000 14887.946 14887.946 192 192 195 196 192 -1" )
	call Preload( "B 893 -1 -1 -1 -1 2 0 0 2 0" )
	call Preload( "A 894 14904.609 -1.000 -1.000 14904.609 14904.609 192 192 196 197 192 -1" )
	call Preload( "B 894 -1 -1 -1 -1 2 0 0 2 0" )
	call Preload( "A 895 14921.271 -1.000 -1.000 14921.271 14921.271 192 192 197 198 192 -1" )
	call Preload( "B 895 -1 -1 -1 -1 2 0 0 2 0" )
	call Preload( "A 896 14937.935 -1.000 -1.000 14937.935 14937.935 192 192 198 199 192 -1" )
	call Preload( "B 896 -1 -1 -1 -1 2 0 0 2 0" )
	call Preload( "A 897 14954.597 -1.000 -1.000 14954.597 14954.597 192 192 199 200 192 -1" )
	call Preload( "B 897 -1 -1 -1 -1 2 0 0 2 0" )
	call Preload( "A 898 14971.260 -1.000 -1.000 14971.260 14971.260 192 192 200 201 192 -1" )
	call Preload( "B 898 -1 -1 -1 -1 2 0 0 2 0" )
	call Preload( "A 899 14987.922 -1.000 -1.000 14987.922 14987.922 192 192 201 202 192 -1" )
	call Preload( "B 899 -1 -1 -1 -1 2 0 0 2 0" )
	call PreloadEnd( 0.0 )

endfunction


