function PreloadFiles takes nothing returns nothing

	call PreloadStart()
	call Preload( "RS v=2 build=20261003T221416375056960 local=1 run=1 page=7 rows=1461 mode=clean edge_pairs=0 edge_limit=64 edge_dropped=0" )
	call Preload( "counts poll=254 capture_attempt=0 advance=1461 present=1461" )
	call Preload( "clock=native-game-ms not-host-wall; row=zero-based-service; marker_x=0.04+(row%32)*0.0032 y=0.595-((row/32)%4)*0.01" )
	call Preload( "A row entry_ms poll_ms capture_ms advance_ms present_ms frame_before frame_after F_before F_after K_before target" )
	call Preload( "B row held pressed released capture_result phase confirmed_shield predicted_shield pose_serial correction" )
	call Preload( "A 1050 17510.283 -1.000 -1.000 17510.283 17510.283 159 159 184 184 159 -1" )
	call Preload( "B 1050 -1 -1 -1 -1 2 0 0 2 0" )
	call Preload( "A 1051 17526.945 -1.000 -1.000 17526.945 17526.945 159 159 184 184 159 -1" )
	call Preload( "B 1051 -1 -1 -1 -1 2 0 0 2 0" )
	call Preload( "A 1052 17543.609 -1.000 -1.000 17543.609 17543.609 159 159 184 184 159 -1" )
	call Preload( "B 1052 -1 -1 -1 -1 2 0 0 2 0" )
	call Preload( "A 1053 17560.271 -1.000 -1.000 17560.271 17560.271 159 159 184 184 159 -1" )
	call Preload( "B 1053 -1 -1 -1 -1 2 0 0 2 0" )
	call Preload( "A 1054 17576.934 -1.000 -1.000 17576.934 17576.934 159 159 184 184 159 -1" )
	call Preload( "B 1054 -1 -1 -1 -1 2 0 0 2 0" )
	call Preload( "A 1055 17593.596 -1.000 -1.000 17593.596 17593.596 159 159 184 184 159 -1" )
	call Preload( "B 1055 -1 -1 -1 -1 2 0 0 2 0" )
	call Preload( "A 1056 17610.260 -1.000 -1.000 17610.260 17610.260 159 159 184 184 159 -1" )
	call Preload( "B 1056 -1 -1 -1 -1 2 0 0 2 0" )
	call Preload( "A 1057 17626.922 -1.000 -1.000 17626.922 17626.922 159 159 184 184 159 -1" )
	call Preload( "B 1057 -1 -1 -1 -1 2 0 0 2 0" )
	call Preload( "A 1058 17643.584 -1.000 -1.000 17643.584 17643.584 159 159 184 184 159 -1" )
	call Preload( "B 1058 -1 -1 -1 -1 2 0 0 2 0" )
	call Preload( "A 1059 17660.246 -1.000 -1.000 17660.246 17660.246 159 159 184 184 159 -1" )
	call Preload( "B 1059 -1 -1 -1 -1 2 0 0 2 0" )
	call Preload( "A 1060 17676.910 -1.000 -1.000 17676.910 17676.910 159 159 184 184 159 -1" )
	call Preload( "B 1060 -1 -1 -1 -1 2 0 0 2 0" )
	call Preload( "A 1061 17693.572 -1.000 -1.000 17693.572 17693.572 159 159 184 184 159 -1" )
	call Preload( "B 1061 -1 -1 -1 -1 2 0 0 2 0" )
	call Preload( "A 1062 17710.234 -1.000 -1.000 17710.234 17710.234 159 159 184 184 159 -1" )
	call Preload( "B 1062 -1 -1 -1 -1 2 0 0 2 0" )
	call Preload( "A 1063 17726.896 -1.000 -1.000 17726.896 17726.896 159 159 184 184 159 -1" )
	call Preload( "B 1063 -1 -1 -1 -1 2 0 0 2 0" )
	call Preload( "A 1064 17743.561 -1.000 -1.000 17743.561 17743.561 159 159 184 184 159 -1" )
	call Preload( "B 1064 -1 -1 -1 -1 2 0 0 2 0" )
	call Preload( "A 1065 17760.223 -1.000 -1.000 17760.223 17760.223 159 159 184 184 159 -1" )
	call Preload( "B 1065 -1 -1 -1 -1 2 0 0 2 0" )
	call Preload( "A 1066 17776.885 -1.000 -1.000 17776.885 17776.885 159 159 184 184 159 -1" )
	call Preload( "B 1066 -1 -1 -1 -1 2 0 0 2 0" )
	call Preload( "A 1067 17793.547 -1.000 -1.000 17793.547 17793.547 159 159 184 184 159 -1" )
	call Preload( "B 1067 -1 -1 -1 -1 2 0 0 2 0" )
	call Preload( "A 1068 17810.211 -1.000 -1.000 17810.211 17810.211 159 159 184 184 159 -1" )
	call Preload( "B 1068 -1 -1 -1 -1 2 0 0 2 0" )
	call Preload( "A 1069 17826.873 -1.000 -1.000 17826.873 17826.873 159 159 184 184 159 -1" )
	call Preload( "B 1069 -1 -1 -1 -1 2 0 0 2 0" )
	call Preload( "A 1070 17843.535 -1.000 -1.000 17843.535 17843.535 159 159 184 184 159 -1" )
	call Preload( "B 1070 -1 -1 -1 -1 2 0 0 2 0" )
	call Preload( "A 1071 17860.197 -1.000 -1.000 17860.197 17860.197 159 159 184 184 159 -1" )
	call Preload( "B 1071 -1 -1 -1 -1 2 0 0 2 0" )
	call Preload( "A 1072 17876.861 -1.000 -1.000 17876.861 17876.861 159 159 184 184 159 -1" )
	call Preload( "B 1072 -1 -1 -1 -1 2 0 0 2 0" )
	call Preload( "A 1073 17893.523 -1.000 -1.000 17893.523 17893.523 159 159 184 184 159 -1" )
	call Preload( "B 1073 -1 -1 -1 -1 2 0 0 2 0" )
	call Preload( "A 1074 17910.186 -1.000 -1.000 17910.186 17910.186 159 159 184 184 159 -1" )
	call Preload( "B 1074 -1 -1 -1 -1 2 0 0 2 0" )
	call Preload( "A 1075 17926.848 -1.000 -1.000 17926.848 17926.848 159 159 184 184 159 -1" )
	call Preload( "B 1075 -1 -1 -1 -1 2 0 0 2 0" )
	call Preload( "A 1076 17943.512 -1.000 -1.000 17943.512 17943.512 159 159 184 184 159 -1" )
	call Preload( "B 1076 -1 -1 -1 -1 2 0 0 2 0" )
	call Preload( "A 1077 17960.174 -1.000 -1.000 17960.174 17960.174 159 159 184 184 159 -1" )
	call Preload( "B 1077 -1 -1 -1 -1 2 0 0 2 0" )
	call Preload( "A 1078 17976.836 -1.000 -1.000 17976.836 17976.836 159 159 184 184 159 -1" )
	call Preload( "B 1078 -1 -1 -1 -1 2 0 0 2 0" )
	call Preload( "A 1079 17993.498 -1.000 -1.000 17993.498 17993.498 159 159 184 184 159 -1" )
	call Preload( "B 1079 -1 -1 -1 -1 2 0 0 2 0" )
	call Preload( "A 1080 18010.162 -1.000 -1.000 18010.162 18010.162 159 159 184 184 159 -1" )
	call Preload( "B 1080 -1 -1 -1 -1 2 0 0 2 0" )
	call Preload( "A 1081 18026.824 -1.000 -1.000 18026.824 18026.824 159 159 184 184 159 -1" )
	call Preload( "B 1081 -1 -1 -1 -1 2 0 0 2 0" )
	call Preload( "A 1082 18043.486 -1.000 -1.000 18043.486 18043.486 159 159 184 184 159 -1" )
	call Preload( "B 1082 -1 -1 -1 -1 2 0 0 2 0" )
	call Preload( "A 1083 18060.148 -1.000 -1.000 18060.148 18060.148 159 159 184 184 159 -1" )
	call Preload( "B 1083 -1 -1 -1 -1 2 0 0 2 0" )
	call Preload( "A 1084 18076.813 -1.000 -1.000 18076.813 18076.813 159 159 184 184 159 -1" )
	call Preload( "B 1084 -1 -1 -1 -1 2 0 0 2 0" )
	call Preload( "A 1085 18093.475 -1.000 -1.000 18093.475 18093.475 159 159 184 184 159 -1" )
	call Preload( "B 1085 -1 -1 -1 -1 2 0 0 2 0" )
	call Preload( "A 1086 18110.137 -1.000 -1.000 18110.137 18110.137 159 159 184 184 159 -1" )
	call Preload( "B 1086 -1 -1 -1 -1 2 0 0 2 0" )
	call Preload( "A 1087 18126.799 -1.000 -1.000 18126.799 18126.799 159 159 184 184 159 -1" )
	call Preload( "B 1087 -1 -1 -1 -1 2 0 0 2 0" )
	call Preload( "A 1088 18143.463 -1.000 -1.000 18143.463 18143.463 159 159 184 184 159 -1" )
	call Preload( "B 1088 -1 -1 -1 -1 2 0 0 2 0" )
	call Preload( "A 1089 18160.125 -1.000 -1.000 18160.125 18160.125 159 159 184 184 159 -1" )
	call Preload( "B 1089 -1 -1 -1 -1 2 0 0 2 0" )
	call Preload( "A 1090 18176.787 -1.000 -1.000 18176.787 18176.787 159 159 184 184 159 -1" )
	call Preload( "B 1090 -1 -1 -1 -1 2 0 0 2 0" )
	call Preload( "A 1091 18193.449 -1.000 -1.000 18193.449 18193.449 159 159 184 184 159 -1" )
	call Preload( "B 1091 -1 -1 -1 -1 2 0 0 2 0" )
	call Preload( "A 1092 18210.113 -1.000 -1.000 18210.113 18210.113 159 159 184 184 159 -1" )
	call Preload( "B 1092 -1 -1 -1 -1 2 0 0 2 0" )
	call Preload( "A 1093 18226.775 -1.000 -1.000 18226.775 18226.775 159 159 184 184 159 -1" )
	call Preload( "B 1093 -1 -1 -1 -1 2 0 0 2 0" )
	call Preload( "A 1094 18243.438 -1.000 -1.000 18243.438 18243.438 159 159 184 184 159 -1" )
	call Preload( "B 1094 -1 -1 -1 -1 2 0 0 2 0" )
	call Preload( "A 1095 18260.100 -1.000 -1.000 18260.100 18260.100 159 159 184 184 159 -1" )
	call Preload( "B 1095 -1 -1 -1 -1 2 0 0 2 0" )
	call Preload( "A 1096 18276.764 -1.000 -1.000 18276.764 18276.764 159 159 184 184 159 -1" )
	call Preload( "B 1096 -1 -1 -1 -1 2 0 0 2 0" )
	call Preload( "A 1097 18293.426 -1.000 -1.000 18293.426 18293.426 159 159 184 184 159 -1" )
	call Preload( "B 1097 -1 -1 -1 -1 2 0 0 2 0" )
	call Preload( "A 1098 18310.088 -1.000 -1.000 18310.088 18310.088 159 159 184 184 159 -1" )
	call Preload( "B 1098 -1 -1 -1 -1 2 0 0 2 0" )
	call Preload( "A 1099 18326.750 -1.000 -1.000 18326.750 18326.750 159 159 184 184 159 -1" )
	call Preload( "B 1099 -1 -1 -1 -1 2 0 0 2 0" )
	call Preload( "A 1100 18343.414 -1.000 -1.000 18343.414 18343.414 159 159 184 184 159 -1" )
	call Preload( "B 1100 -1 -1 -1 -1 2 0 0 2 0" )
	call Preload( "A 1101 18360.076 -1.000 -1.000 18360.076 18360.076 159 159 184 184 159 -1" )
	call Preload( "B 1101 -1 -1 -1 -1 2 0 0 2 0" )
	call Preload( "A 1102 18376.738 -1.000 -1.000 18376.738 18376.738 159 159 184 184 159 -1" )
	call Preload( "B 1102 -1 -1 -1 -1 2 0 0 2 0" )
	call Preload( "A 1103 18393.400 -1.000 -1.000 18393.400 18393.400 159 159 184 184 159 -1" )
	call Preload( "B 1103 -1 -1 -1 -1 2 0 0 2 0" )
	call Preload( "A 1104 18410.064 -1.000 -1.000 18410.064 18410.064 159 159 184 184 159 -1" )
	call Preload( "B 1104 -1 -1 -1 -1 2 0 0 2 0" )
	call Preload( "A 1105 18426.727 -1.000 -1.000 18426.727 18426.727 159 159 184 184 159 -1" )
	call Preload( "B 1105 -1 -1 -1 -1 2 0 0 2 0" )
	call Preload( "A 1106 18443.389 -1.000 -1.000 18443.389 18443.389 159 159 184 184 159 -1" )
	call Preload( "B 1106 -1 -1 -1 -1 2 0 0 2 0" )
	call Preload( "A 1107 18460.051 -1.000 -1.000 18460.051 18460.051 159 159 184 184 159 -1" )
	call Preload( "B 1107 -1 -1 -1 -1 2 0 0 2 0" )
	call Preload( "A 1108 18476.715 -1.000 -1.000 18476.715 18476.715 159 159 184 184 159 -1" )
	call Preload( "B 1108 -1 -1 -1 -1 2 0 0 2 0" )
	call Preload( "A 1109 18493.377 -1.000 -1.000 18493.377 18493.377 159 159 184 184 159 -1" )
	call Preload( "B 1109 -1 -1 -1 -1 2 0 0 2 0" )
	call Preload( "A 1110 18510.039 -1.000 -1.000 18510.039 18510.039 159 159 184 184 159 -1" )
	call Preload( "B 1110 -1 -1 -1 -1 2 0 0 2 0" )
	call Preload( "A 1111 18526.701 -1.000 -1.000 18526.701 18526.701 159 159 184 184 159 -1" )
	call Preload( "B 1111 -1 -1 -1 -1 2 0 0 2 0" )
	call Preload( "A 1112 18543.365 -1.000 -1.000 18543.365 18543.365 159 159 184 184 159 -1" )
	call Preload( "B 1112 -1 -1 -1 -1 2 0 0 2 0" )
	call Preload( "A 1113 18560.027 -1.000 -1.000 18560.027 18560.027 159 159 184 184 159 -1" )
	call Preload( "B 1113 -1 -1 -1 -1 2 0 0 2 0" )
	call Preload( "A 1114 18576.689 -1.000 -1.000 18576.689 18576.689 159 159 184 184 159 -1" )
	call Preload( "B 1114 -1 -1 -1 -1 2 0 0 2 0" )
	call Preload( "A 1115 18593.352 -1.000 -1.000 18593.352 18593.352 159 159 184 184 159 -1" )
	call Preload( "B 1115 -1 -1 -1 -1 2 0 0 2 0" )
	call Preload( "A 1116 18610.016 -1.000 -1.000 18610.016 18610.016 159 159 184 184 159 -1" )
	call Preload( "B 1116 -1 -1 -1 -1 2 0 0 2 0" )
	call Preload( "A 1117 18626.678 -1.000 -1.000 18626.678 18626.678 159 159 184 184 159 -1" )
	call Preload( "B 1117 -1 -1 -1 -1 2 0 0 2 0" )
	call Preload( "A 1118 18643.340 -1.000 -1.000 18643.340 18643.340 159 159 184 184 159 -1" )
	call Preload( "B 1118 -1 -1 -1 -1 2 0 0 2 0" )
	call Preload( "A 1119 18660.002 -1.000 -1.000 18660.002 18660.002 159 159 184 184 159 -1" )
	call Preload( "B 1119 -1 -1 -1 -1 2 0 0 2 0" )
	call Preload( "A 1120 18676.666 -1.000 -1.000 18676.666 18676.666 159 159 184 184 159 -1" )
	call Preload( "B 1120 -1 -1 -1 -1 2 0 0 2 0" )
	call Preload( "A 1121 18693.328 -1.000 -1.000 18693.328 18693.328 159 159 184 184 159 -1" )
	call Preload( "B 1121 -1 -1 -1 -1 2 0 0 2 0" )
	call Preload( "A 1122 18709.990 -1.000 -1.000 18709.990 18709.990 159 159 184 184 159 -1" )
	call Preload( "B 1122 -1 -1 -1 -1 2 0 0 2 0" )
	call Preload( "A 1123 18726.652 -1.000 -1.000 18726.652 18726.652 159 159 184 184 159 -1" )
	call Preload( "B 1123 -1 -1 -1 -1 2 0 0 2 0" )
	call Preload( "A 1124 18743.316 -1.000 -1.000 18743.316 18743.316 159 159 184 184 159 -1" )
	call Preload( "B 1124 -1 -1 -1 -1 2 0 0 2 0" )
	call Preload( "A 1125 18759.979 -1.000 -1.000 18759.979 18759.979 159 159 184 184 159 -1" )
	call Preload( "B 1125 -1 -1 -1 -1 2 0 0 2 0" )
	call Preload( "A 1126 18776.641 -1.000 -1.000 18776.641 18776.641 159 159 184 184 159 -1" )
	call Preload( "B 1126 -1 -1 -1 -1 2 0 0 2 0" )
	call Preload( "A 1127 18793.303 -1.000 -1.000 18793.303 18793.303 159 159 184 184 159 -1" )
	call Preload( "B 1127 -1 -1 -1 -1 2 0 0 2 0" )
	call Preload( "A 1128 18809.967 -1.000 -1.000 18809.967 18809.967 159 159 184 184 159 -1" )
	call Preload( "B 1128 -1 -1 -1 -1 2 0 0 2 0" )
	call Preload( "A 1129 18826.629 -1.000 -1.000 18826.629 18826.629 159 159 184 184 159 -1" )
	call Preload( "B 1129 -1 -1 -1 -1 2 0 0 2 0" )
	call Preload( "A 1130 18843.291 -1.000 -1.000 18843.291 18843.291 159 159 184 184 159 -1" )
	call Preload( "B 1130 -1 -1 -1 -1 2 0 0 2 0" )
	call Preload( "A 1131 18859.953 -1.000 -1.000 18859.953 18859.953 159 159 184 184 159 -1" )
	call Preload( "B 1131 -1 -1 -1 -1 2 0 0 2 0" )
	call Preload( "A 1132 18876.617 -1.000 -1.000 18876.617 18876.617 159 159 184 184 159 -1" )
	call Preload( "B 1132 -1 -1 -1 -1 2 0 0 2 0" )
	call Preload( "A 1133 18893.279 -1.000 -1.000 18893.279 18893.279 159 159 184 184 159 -1" )
	call Preload( "B 1133 -1 -1 -1 -1 2 0 0 2 0" )
	call Preload( "A 1134 18909.941 -1.000 -1.000 18909.941 18909.941 159 159 184 184 159 -1" )
	call Preload( "B 1134 -1 -1 -1 -1 2 0 0 2 0" )
	call Preload( "A 1135 18926.604 -1.000 -1.000 18926.604 18926.604 159 159 184 184 159 -1" )
	call Preload( "B 1135 -1 -1 -1 -1 2 0 0 2 0" )
	call Preload( "A 1136 18943.268 -1.000 -1.000 18943.268 18943.268 159 159 184 184 159 -1" )
	call Preload( "B 1136 -1 -1 -1 -1 2 0 0 2 0" )
	call Preload( "A 1137 18959.930 -1.000 -1.000 18959.930 18959.930 159 159 184 184 159 -1" )
	call Preload( "B 1137 -1 -1 -1 -1 2 0 0 2 0" )
	call Preload( "A 1138 18976.592 -1.000 -1.000 18976.592 18976.592 159 159 184 184 159 -1" )
	call Preload( "B 1138 -1 -1 -1 -1 2 0 0 2 0" )
	call Preload( "A 1139 18993.254 -1.000 -1.000 18993.254 18993.254 159 159 184 184 159 -1" )
	call Preload( "B 1139 -1 -1 -1 -1 2 0 0 2 0" )
	call Preload( "A 1140 19009.918 -1.000 -1.000 19009.918 19009.918 159 159 184 184 159 -1" )
	call Preload( "B 1140 -1 -1 -1 -1 2 0 0 2 0" )
	call Preload( "A 1141 19026.580 -1.000 -1.000 19026.580 19026.580 159 159 184 184 159 -1" )
	call Preload( "B 1141 -1 -1 -1 -1 2 0 0 2 0" )
	call Preload( "A 1142 19043.242 -1.000 -1.000 19043.242 19043.242 159 159 184 184 159 -1" )
	call Preload( "B 1142 -1 -1 -1 -1 2 0 0 2 0" )
	call Preload( "A 1143 19059.904 -1.000 -1.000 19059.904 19059.904 159 159 184 184 159 -1" )
	call Preload( "B 1143 -1 -1 -1 -1 2 0 0 2 0" )
	call Preload( "A 1144 19076.568 -1.000 -1.000 19076.568 19076.568 159 159 184 184 159 -1" )
	call Preload( "B 1144 -1 -1 -1 -1 2 0 0 2 0" )
	call Preload( "A 1145 19093.230 -1.000 -1.000 19093.230 19093.230 159 159 184 184 159 -1" )
	call Preload( "B 1145 -1 -1 -1 -1 2 0 0 2 0" )
	call Preload( "A 1146 19109.893 -1.000 -1.000 19109.893 19109.893 159 159 184 184 159 -1" )
	call Preload( "B 1146 -1 -1 -1 -1 2 0 0 2 0" )
	call Preload( "A 1147 19126.555 -1.000 -1.000 19126.555 19126.555 159 159 184 184 159 -1" )
	call Preload( "B 1147 -1 -1 -1 -1 2 0 0 2 0" )
	call Preload( "A 1148 19143.219 -1.000 -1.000 19143.219 19143.219 159 159 184 184 159 -1" )
	call Preload( "B 1148 -1 -1 -1 -1 2 0 0 2 0" )
	call Preload( "A 1149 19159.881 -1.000 -1.000 19159.881 19159.881 159 159 184 184 159 -1" )
	call Preload( "B 1149 -1 -1 -1 -1 2 0 0 2 0" )
	call Preload( "A 1150 19176.543 -1.000 -1.000 19176.543 19176.543 159 159 184 184 159 -1" )
	call Preload( "B 1150 -1 -1 -1 -1 2 0 0 2 0" )
	call Preload( "A 1151 19193.205 -1.000 -1.000 19193.205 19193.205 159 159 184 184 159 -1" )
	call Preload( "B 1151 -1 -1 -1 -1 2 0 0 2 0" )
	call Preload( "A 1152 19209.869 -1.000 -1.000 19209.869 19209.869 159 159 184 184 159 -1" )
	call Preload( "B 1152 -1 -1 -1 -1 2 0 0 2 0" )
	call Preload( "A 1153 19226.531 -1.000 -1.000 19226.531 19226.531 159 159 184 184 159 -1" )
	call Preload( "B 1153 -1 -1 -1 -1 2 0 0 2 0" )
	call Preload( "A 1154 19243.193 -1.000 -1.000 19243.193 19243.193 159 159 184 184 159 -1" )
	call Preload( "B 1154 -1 -1 -1 -1 2 0 0 2 0" )
	call Preload( "A 1155 19259.855 -1.000 -1.000 19259.855 19259.855 159 159 184 184 159 -1" )
	call Preload( "B 1155 -1 -1 -1 -1 2 0 0 2 0" )
	call Preload( "A 1156 19276.520 -1.000 -1.000 19276.520 19276.520 159 159 184 184 159 -1" )
	call Preload( "B 1156 -1 -1 -1 -1 2 0 0 2 0" )
	call Preload( "A 1157 19293.182 -1.000 -1.000 19293.182 19293.182 159 159 184 184 159 -1" )
	call Preload( "B 1157 -1 -1 -1 -1 2 0 0 2 0" )
	call Preload( "A 1158 19309.844 -1.000 -1.000 19309.844 19309.844 159 159 184 184 159 -1" )
	call Preload( "B 1158 -1 -1 -1 -1 2 0 0 2 0" )
	call Preload( "A 1159 19326.506 -1.000 -1.000 19326.506 19326.506 159 159 184 184 159 -1" )
	call Preload( "B 1159 -1 -1 -1 -1 2 0 0 2 0" )
	call Preload( "A 1160 19343.170 -1.000 -1.000 19343.170 19343.170 159 159 184 184 159 -1" )
	call Preload( "B 1160 -1 -1 -1 -1 2 0 0 2 0" )
	call Preload( "A 1161 19359.832 -1.000 -1.000 19359.832 19359.832 159 159 184 184 159 -1" )
	call Preload( "B 1161 -1 -1 -1 -1 2 0 0 2 0" )
	call Preload( "A 1162 19376.494 -1.000 -1.000 19376.494 19376.494 159 159 184 184 159 -1" )
	call Preload( "B 1162 -1 -1 -1 -1 2 0 0 2 0" )
	call Preload( "A 1163 19393.156 -1.000 -1.000 19393.156 19393.156 159 159 184 184 159 -1" )
	call Preload( "B 1163 -1 -1 -1 -1 2 0 0 2 0" )
	call Preload( "A 1164 19409.820 -1.000 -1.000 19409.820 19409.820 159 159 184 184 159 -1" )
	call Preload( "B 1164 -1 -1 -1 -1 2 0 0 2 0" )
	call Preload( "A 1165 19426.482 -1.000 -1.000 19426.482 19426.482 159 159 184 184 159 -1" )
	call Preload( "B 1165 -1 -1 -1 -1 2 0 0 2 0" )
	call Preload( "A 1166 19443.145 -1.000 -1.000 19443.145 19443.145 159 159 184 184 159 -1" )
	call Preload( "B 1166 -1 -1 -1 -1 2 0 0 2 0" )
	call Preload( "A 1167 19459.807 -1.000 -1.000 19459.807 19459.807 159 159 184 184 159 -1" )
	call Preload( "B 1167 -1 -1 -1 -1 2 0 0 2 0" )
	call Preload( "A 1168 19476.471 -1.000 -1.000 19476.471 19476.471 159 159 184 184 159 -1" )
	call Preload( "B 1168 -1 -1 -1 -1 2 0 0 2 0" )
	call Preload( "A 1169 19493.133 -1.000 -1.000 19493.133 19493.133 159 159 184 184 159 -1" )
	call Preload( "B 1169 -1 -1 -1 -1 2 0 0 2 0" )
	call Preload( "A 1170 19509.795 -1.000 -1.000 19509.795 19509.795 159 159 184 184 159 -1" )
	call Preload( "B 1170 -1 -1 -1 -1 2 0 0 2 0" )
	call Preload( "A 1171 19526.457 -1.000 -1.000 19526.457 19526.457 159 159 184 184 159 -1" )
	call Preload( "B 1171 -1 -1 -1 -1 2 0 0 2 0" )
	call Preload( "A 1172 19543.121 -1.000 -1.000 19543.121 19543.121 159 159 184 184 159 -1" )
	call Preload( "B 1172 -1 -1 -1 -1 2 0 0 2 0" )
	call Preload( "A 1173 19559.783 -1.000 -1.000 19559.783 19559.783 159 159 184 184 159 -1" )
	call Preload( "B 1173 -1 -1 -1 -1 2 0 0 2 0" )
	call Preload( "A 1174 19576.445 -1.000 -1.000 19576.445 19576.445 159 159 184 184 159 -1" )
	call Preload( "B 1174 -1 -1 -1 -1 2 0 0 2 0" )
	call Preload( "A 1175 19593.107 -1.000 -1.000 19593.107 19593.107 159 159 184 184 159 -1" )
	call Preload( "B 1175 -1 -1 -1 -1 2 0 0 2 0" )
	call Preload( "A 1176 19609.771 -1.000 -1.000 19609.771 19609.771 159 159 184 184 159 -1" )
	call Preload( "B 1176 -1 -1 -1 -1 2 0 0 2 0" )
	call Preload( "A 1177 19626.434 -1.000 -1.000 19626.434 19626.434 159 159 184 184 159 -1" )
	call Preload( "B 1177 -1 -1 -1 -1 2 0 0 2 0" )
	call Preload( "A 1178 19643.096 -1.000 -1.000 19643.096 19643.096 159 159 184 184 159 -1" )
	call Preload( "B 1178 -1 -1 -1 -1 2 0 0 2 0" )
	call Preload( "A 1179 19659.758 -1.000 -1.000 19659.758 19659.758 159 159 184 184 159 -1" )
	call Preload( "B 1179 -1 -1 -1 -1 2 0 0 2 0" )
	call Preload( "A 1180 19676.422 -1.000 -1.000 19676.422 19676.422 159 159 184 184 159 -1" )
	call Preload( "B 1180 -1 -1 -1 -1 2 0 0 2 0" )
	call Preload( "A 1181 19693.084 -1.000 -1.000 19693.084 19693.084 159 159 184 184 159 -1" )
	call Preload( "B 1181 -1 -1 -1 -1 2 0 0 2 0" )
	call Preload( "A 1182 19709.746 -1.000 -1.000 19709.746 19709.746 159 159 184 184 159 -1" )
	call Preload( "B 1182 -1 -1 -1 -1 2 0 0 2 0" )
	call Preload( "A 1183 19726.408 -1.000 -1.000 19726.408 19726.408 159 165 184 185 190 -1" )
	call Preload( "B 1183 -1 -1 -1 -1 2 0 0 2 171" )
	call Preload( "A 1184 19743.072 19743.072 -1.000 19743.072 19743.072 165 171 185 186 190 229" )
	call Preload( "B 1184 0 0 0 -1 2 0 0 2 0" )
	call Preload( "A 1185 19759.734 19759.734 -1.000 19759.734 19759.734 171 177 186 187 190 235" )
	call Preload( "B 1185 0 0 0 -1 2 0 0 2 0" )
	call Preload( "A 1186 19776.396 19776.396 -1.000 19776.396 19776.396 177 183 187 188 190 241" )
	call Preload( "B 1186 0 0 0 -1 2 0 0 2 0" )
	call Preload( "A 1187 19793.059 19793.059 -1.000 19793.059 19793.059 183 187 188 189 190 247" )
	call Preload( "B 1187 0 0 0 -1 2 0 0 2 0" )
	call Preload( "A 1188 19809.723 19809.723 -1.000 19809.723 19809.723 187 188 189 190 190 251" )
	call Preload( "B 1188 0 0 0 -1 2 0 0 2 0" )
	call Preload( "A 1189 19826.385 19826.385 -1.000 19826.385 19826.385 188 189 190 191 190 252" )
	call Preload( "B 1189 0 0 0 -1 2 0 0 2 0" )
	call Preload( "A 1190 19843.047 19843.047 -1.000 19843.047 19843.047 189 190 191 192 190 253" )
	call Preload( "B 1190 0 0 0 -1 2 0 0 2 0" )
	call Preload( "A 1191 19859.709 19859.709 -1.000 19859.709 19859.709 190 190 192 193 190 254" )
	call Preload( "B 1191 0 0 0 -1 2 0 0 2 0" )
	call Preload( "A 1192 19876.373 -1.000 -1.000 19876.373 19876.373 190 190 193 194 190 -1" )
	call Preload( "B 1192 -1 -1 -1 -1 2 0 0 2 0" )
	call Preload( "A 1193 19893.035 -1.000 -1.000 19893.035 19893.035 190 190 194 195 190 -1" )
	call Preload( "B 1193 -1 -1 -1 -1 2 0 0 2 0" )
	call Preload( "A 1194 19909.697 -1.000 -1.000 19909.697 19909.697 190 190 195 196 190 -1" )
	call Preload( "B 1194 -1 -1 -1 -1 2 0 0 2 0" )
	call Preload( "A 1195 19926.359 -1.000 -1.000 19926.359 19926.359 190 190 196 197 190 -1" )
	call Preload( "B 1195 -1 -1 -1 -1 2 0 0 2 0" )
	call Preload( "A 1196 19943.023 -1.000 -1.000 19943.023 19943.023 190 190 197 198 190 -1" )
	call Preload( "B 1196 -1 -1 -1 -1 2 0 0 2 0" )
	call Preload( "A 1197 19959.686 -1.000 -1.000 19959.686 19959.686 190 190 198 199 190 -1" )
	call Preload( "B 1197 -1 -1 -1 -1 2 0 0 2 0" )
	call Preload( "A 1198 19976.348 -1.000 -1.000 19976.348 19976.348 190 190 199 200 190 -1" )
	call Preload( "B 1198 -1 -1 -1 -1 2 0 0 2 0" )
	call Preload( "A 1199 19993.010 -1.000 -1.000 19993.010 19993.010 190 190 200 201 190 -1" )
	call Preload( "B 1199 -1 -1 -1 -1 2 0 0 2 0" )
	call PreloadEnd( 0.0 )

endfunction


