function PreloadFiles takes nothing returns nothing

	call PreloadStart()
	call Preload( "RS v=2 build=20261003T221416375056960 local=1 run=1 page=4 rows=1461 mode=clean edge_pairs=0 edge_limit=64 edge_dropped=0" )
	call Preload( "counts poll=254 capture_attempt=0 advance=1461 present=1461" )
	call Preload( "clock=native-game-ms not-host-wall; row=zero-based-service; marker_x=0.04+(row%32)*0.0032 y=0.595-((row/32)%4)*0.01" )
	call Preload( "A row entry_ms poll_ms capture_ms advance_ms present_ms frame_before frame_after F_before F_after K_before target" )
	call Preload( "B row held pressed released capture_result phase confirmed_shield predicted_shield pose_serial correction" )
	call Preload( "A 600 10012.115 -1.000 -1.000 10012.115 10012.115 117 117 142 142 117 -1" )
	call Preload( "B 600 -1 -1 -1 -1 2 0 0 2 0" )
	call Preload( "A 601 10028.777 -1.000 -1.000 10028.777 10028.777 117 117 142 142 117 -1" )
	call Preload( "B 601 -1 -1 -1 -1 2 0 0 2 0" )
	call Preload( "A 602 10045.440 -1.000 -1.000 10045.440 10045.440 117 117 142 142 117 -1" )
	call Preload( "B 602 -1 -1 -1 -1 2 0 0 2 0" )
	call Preload( "A 603 10062.103 -1.000 -1.000 10062.103 10062.103 117 117 142 142 117 -1" )
	call Preload( "B 603 -1 -1 -1 -1 2 0 0 2 0" )
	call Preload( "A 604 10078.766 -1.000 -1.000 10078.766 10078.766 117 117 142 142 117 -1" )
	call Preload( "B 604 -1 -1 -1 -1 2 0 0 2 0" )
	call Preload( "A 605 10095.428 -1.000 -1.000 10095.428 10095.428 117 117 142 142 117 -1" )
	call Preload( "B 605 -1 -1 -1 -1 2 0 0 2 0" )
	call Preload( "A 606 10112.091 -1.000 -1.000 10112.091 10112.091 117 117 142 142 117 -1" )
	call Preload( "B 606 -1 -1 -1 -1 2 0 0 2 0" )
	call Preload( "A 607 10128.753 -1.000 -1.000 10128.753 10128.753 117 117 142 142 117 -1" )
	call Preload( "B 607 -1 -1 -1 -1 2 0 0 2 0" )
	call Preload( "A 608 10145.416 -1.000 -1.000 10145.416 10145.416 117 117 142 142 117 -1" )
	call Preload( "B 608 -1 -1 -1 -1 2 0 0 2 0" )
	call Preload( "A 609 10162.078 -1.000 -1.000 10162.078 10162.078 117 117 142 142 117 -1" )
	call Preload( "B 609 -1 -1 -1 -1 2 0 0 2 0" )
	call Preload( "A 610 10178.741 -1.000 -1.000 10178.741 10178.741 117 117 142 142 117 -1" )
	call Preload( "B 610 -1 -1 -1 -1 2 0 0 2 0" )
	call Preload( "A 611 10195.403 -1.000 -1.000 10195.403 10195.403 117 117 142 142 117 -1" )
	call Preload( "B 611 -1 -1 -1 -1 2 0 0 2 0" )
	call Preload( "A 612 10212.066 -1.000 -1.000 10212.066 10212.066 117 117 142 142 117 -1" )
	call Preload( "B 612 -1 -1 -1 -1 2 0 0 2 0" )
	call Preload( "A 613 10228.729 -1.000 -1.000 10228.729 10228.729 117 117 142 142 117 -1" )
	call Preload( "B 613 -1 -1 -1 -1 2 0 0 2 0" )
	call Preload( "A 614 10245.392 -1.000 -1.000 10245.392 10245.392 117 117 142 142 117 -1" )
	call Preload( "B 614 -1 -1 -1 -1 2 0 0 2 0" )
	call Preload( "A 615 10262.054 -1.000 -1.000 10262.054 10262.054 117 117 142 142 117 -1" )
	call Preload( "B 615 -1 -1 -1 -1 2 0 0 2 0" )
	call Preload( "A 616 10278.717 -1.000 -1.000 10278.717 10278.717 117 117 142 142 117 -1" )
	call Preload( "B 616 -1 -1 -1 -1 2 0 0 2 0" )
	call Preload( "A 617 10295.379 -1.000 -1.000 10295.379 10295.379 117 117 142 142 117 -1" )
	call Preload( "B 617 -1 -1 -1 -1 2 0 0 2 0" )
	call Preload( "A 618 10312.042 -1.000 -1.000 10312.042 10312.042 117 117 142 142 117 -1" )
	call Preload( "B 618 -1 -1 -1 -1 2 0 0 2 0" )
	call Preload( "A 619 10328.704 -1.000 -1.000 10328.704 10328.704 117 117 142 142 117 -1" )
	call Preload( "B 619 -1 -1 -1 -1 2 0 0 2 0" )
	call Preload( "A 620 10345.367 -1.000 -1.000 10345.367 10345.367 117 123 142 143 126 -1" )
	call Preload( "B 620 -1 -1 -1 -1 2 0 0 2 0" )
	call Preload( "A 621 10362.029 10362.029 -1.000 10362.029 10362.029 123 126 143 144 126 187" )
	call Preload( "B 621 0 0 0 -1 2 0 0 2 0" )
	call Preload( "A 622 10378.692 10378.692 -1.000 10378.692 10378.692 126 126 144 145 126 190" )
	call Preload( "B 622 0 0 0 -1 2 0 0 2 0" )
	call Preload( "A 623 10395.354 -1.000 -1.000 10395.354 10395.354 126 126 145 146 126 -1" )
	call Preload( "B 623 -1 -1 -1 -1 2 0 0 2 0" )
	call Preload( "A 624 10412.018 -1.000 -1.000 10412.018 10412.018 126 126 146 147 126 -1" )
	call Preload( "B 624 -1 -1 -1 -1 2 0 0 2 0" )
	call Preload( "A 625 10428.680 -1.000 -1.000 10428.680 10428.680 126 126 147 148 126 -1" )
	call Preload( "B 625 -1 -1 -1 -1 2 0 0 2 0" )
	call Preload( "A 626 10445.343 -1.000 -1.000 10445.343 10445.343 126 126 148 149 126 -1" )
	call Preload( "B 626 -1 -1 -1 -1 2 0 0 2 0" )
	call Preload( "A 627 10462.005 -1.000 -1.000 10462.005 10462.005 126 126 149 150 126 -1" )
	call Preload( "B 627 -1 -1 -1 -1 2 0 0 2 0" )
	call Preload( "A 628 10478.668 -1.000 -1.000 10478.668 10478.668 126 126 150 151 126 -1" )
	call Preload( "B 628 -1 -1 -1 -1 2 0 0 2 0" )
	call Preload( "A 629 10495.330 -1.000 -1.000 10495.330 10495.330 126 126 151 151 126 -1" )
	call Preload( "B 629 -1 -1 -1 -1 2 0 0 2 0" )
	call Preload( "A 630 10511.993 -1.000 -1.000 10511.993 10511.993 126 126 151 151 126 -1" )
	call Preload( "B 630 -1 -1 -1 -1 2 0 0 2 0" )
	call Preload( "A 631 10528.655 -1.000 -1.000 10528.655 10528.655 126 126 151 151 126 -1" )
	call Preload( "B 631 -1 -1 -1 -1 2 0 0 2 0" )
	call Preload( "A 632 10545.318 -1.000 -1.000 10545.318 10545.318 126 126 151 151 126 -1" )
	call Preload( "B 632 -1 -1 -1 -1 2 0 0 2 0" )
	call Preload( "A 633 10561.980 -1.000 -1.000 10561.980 10561.980 126 126 151 151 126 -1" )
	call Preload( "B 633 -1 -1 -1 -1 2 0 0 2 0" )
	call Preload( "A 634 10578.644 -1.000 -1.000 10578.644 10578.644 126 126 151 151 126 -1" )
	call Preload( "B 634 -1 -1 -1 -1 2 0 0 2 0" )
	call Preload( "A 635 10595.306 -1.000 -1.000 10595.306 10595.306 126 126 151 151 126 -1" )
	call Preload( "B 635 -1 -1 -1 -1 2 0 0 2 0" )
	call Preload( "A 636 10611.969 -1.000 -1.000 10611.969 10611.969 126 126 151 151 126 -1" )
	call Preload( "B 636 -1 -1 -1 -1 2 0 0 2 0" )
	call Preload( "A 637 10628.631 -1.000 -1.000 10628.631 10628.631 126 126 151 151 126 -1" )
	call Preload( "B 637 -1 -1 -1 -1 2 0 0 2 0" )
	call Preload( "A 638 10645.294 -1.000 -1.000 10645.294 10645.294 126 126 151 151 126 -1" )
	call Preload( "B 638 -1 -1 -1 -1 2 0 0 2 0" )
	call Preload( "A 639 10661.956 -1.000 -1.000 10661.956 10661.956 126 126 151 151 126 -1" )
	call Preload( "B 639 -1 -1 -1 -1 2 0 0 2 0" )
	call Preload( "A 640 10678.619 -1.000 -1.000 10678.619 10678.619 126 126 151 151 126 -1" )
	call Preload( "B 640 -1 -1 -1 -1 2 0 0 2 0" )
	call Preload( "A 641 10695.281 -1.000 -1.000 10695.281 10695.281 126 126 151 151 126 -1" )
	call Preload( "B 641 -1 -1 -1 -1 2 0 0 2 0" )
	call Preload( "A 642 10711.944 -1.000 -1.000 10711.944 10711.944 126 126 151 151 126 -1" )
	call Preload( "B 642 -1 -1 -1 -1 2 0 0 2 0" )
	call Preload( "A 643 10728.606 -1.000 -1.000 10728.606 10728.606 126 126 151 151 126 -1" )
	call Preload( "B 643 -1 -1 -1 -1 2 0 0 2 0" )
	call Preload( "A 644 10745.270 -1.000 -1.000 10745.270 10745.270 126 126 151 151 126 -1" )
	call Preload( "B 644 -1 -1 -1 -1 2 0 0 2 0" )
	call Preload( "A 645 10761.932 -1.000 -1.000 10761.932 10761.932 126 126 151 151 126 -1" )
	call Preload( "B 645 -1 -1 -1 -1 2 0 0 2 0" )
	call Preload( "A 646 10778.595 -1.000 -1.000 10778.595 10778.595 126 126 151 151 126 -1" )
	call Preload( "B 646 -1 -1 -1 -1 2 0 0 2 0" )
	call Preload( "A 647 10795.257 -1.000 -1.000 10795.257 10795.257 126 126 151 151 126 -1" )
	call Preload( "B 647 -1 -1 -1 -1 2 0 0 2 0" )
	call Preload( "A 648 10811.920 -1.000 -1.000 10811.920 10811.920 126 126 151 151 126 -1" )
	call Preload( "B 648 -1 -1 -1 -1 2 0 0 2 0" )
	call Preload( "A 649 10828.582 -1.000 -1.000 10828.582 10828.582 126 126 151 151 126 -1" )
	call Preload( "B 649 -1 -1 -1 -1 2 0 0 2 0" )
	call Preload( "A 650 10845.245 -1.000 -1.000 10845.245 10845.245 126 126 151 151 126 -1" )
	call Preload( "B 650 -1 -1 -1 -1 2 0 0 2 0" )
	call Preload( "A 651 10861.907 -1.000 -1.000 10861.907 10861.907 126 126 151 151 126 -1" )
	call Preload( "B 651 -1 -1 -1 -1 2 0 0 2 0" )
	call Preload( "A 652 10878.570 -1.000 -1.000 10878.570 10878.570 126 126 151 151 126 -1" )
	call Preload( "B 652 -1 -1 -1 -1 2 0 0 2 0" )
	call Preload( "A 653 10895.232 -1.000 -1.000 10895.232 10895.232 126 126 151 151 126 -1" )
	call Preload( "B 653 -1 -1 -1 -1 2 0 0 2 0" )
	call Preload( "A 654 10911.896 -1.000 -1.000 10911.896 10911.896 126 126 151 151 126 -1" )
	call Preload( "B 654 -1 -1 -1 -1 2 0 0 2 0" )
	call Preload( "A 655 10928.558 -1.000 -1.000 10928.558 10928.558 126 126 151 151 126 -1" )
	call Preload( "B 655 -1 -1 -1 -1 2 0 0 2 0" )
	call Preload( "A 656 10945.221 -1.000 -1.000 10945.221 10945.221 126 126 151 151 126 -1" )
	call Preload( "B 656 -1 -1 -1 -1 2 0 0 2 0" )
	call Preload( "A 657 10961.883 -1.000 -1.000 10961.883 10961.883 126 126 151 151 126 -1" )
	call Preload( "B 657 -1 -1 -1 -1 2 0 0 2 0" )
	call Preload( "A 658 10978.546 -1.000 -1.000 10978.546 10978.546 126 126 151 151 126 -1" )
	call Preload( "B 658 -1 -1 -1 -1 2 0 0 2 0" )
	call Preload( "A 659 10995.208 -1.000 -1.000 10995.208 10995.208 126 126 151 151 126 -1" )
	call Preload( "B 659 -1 -1 -1 -1 2 0 0 2 0" )
	call Preload( "A 660 11011.871 -1.000 -1.000 11011.871 11011.871 126 126 151 151 126 -1" )
	call Preload( "B 660 -1 -1 -1 -1 2 0 0 2 0" )
	call Preload( "A 661 11028.533 -1.000 -1.000 11028.533 11028.533 126 126 151 151 126 -1" )
	call Preload( "B 661 -1 -1 -1 -1 2 0 0 2 0" )
	call Preload( "A 662 11045.196 -1.000 -1.000 11045.196 11045.196 126 126 151 151 126 -1" )
	call Preload( "B 662 -1 -1 -1 -1 2 0 0 2 0" )
	call Preload( "A 663 11061.858 -1.000 -1.000 11061.858 11061.858 126 126 151 151 126 -1" )
	call Preload( "B 663 -1 -1 -1 -1 2 0 0 2 0" )
	call Preload( "A 664 11078.521 -1.000 -1.000 11078.521 11078.521 126 126 151 151 126 -1" )
	call Preload( "B 664 -1 -1 -1 -1 2 0 0 2 0" )
	call Preload( "A 665 11095.184 -1.000 -1.000 11095.184 11095.184 126 126 151 151 126 -1" )
	call Preload( "B 665 -1 -1 -1 -1 2 0 0 2 0" )
	call Preload( "A 666 11111.847 -1.000 -1.000 11111.847 11111.847 126 126 151 151 126 -1" )
	call Preload( "B 666 -1 -1 -1 -1 2 0 0 2 0" )
	call Preload( "A 667 11128.509 -1.000 -1.000 11128.509 11128.509 126 126 151 151 126 -1" )
	call Preload( "B 667 -1 -1 -1 -1 2 0 0 2 0" )
	call Preload( "A 668 11145.172 -1.000 -1.000 11145.172 11145.172 126 126 151 151 126 -1" )
	call Preload( "B 668 -1 -1 -1 -1 2 0 0 2 0" )
	call Preload( "A 669 11161.834 -1.000 -1.000 11161.834 11161.834 126 126 151 151 126 -1" )
	call Preload( "B 669 -1 -1 -1 -1 2 0 0 2 0" )
	call Preload( "A 670 11178.497 -1.000 -1.000 11178.497 11178.497 126 126 151 151 126 -1" )
	call Preload( "B 670 -1 -1 -1 -1 2 0 0 2 0" )
	call Preload( "A 671 11195.159 -1.000 -1.000 11195.159 11195.159 126 126 151 151 126 -1" )
	call Preload( "B 671 -1 -1 -1 -1 2 0 0 2 0" )
	call Preload( "A 672 11211.822 -1.000 -1.000 11211.822 11211.822 126 126 151 151 126 -1" )
	call Preload( "B 672 -1 -1 -1 -1 2 0 0 2 0" )
	call Preload( "A 673 11228.484 -1.000 -1.000 11228.484 11228.484 126 126 151 151 126 -1" )
	call Preload( "B 673 -1 -1 -1 -1 2 0 0 2 0" )
	call Preload( "A 674 11245.147 -1.000 -1.000 11245.147 11245.147 126 126 151 151 126 -1" )
	call Preload( "B 674 -1 -1 -1 -1 2 0 0 2 0" )
	call Preload( "A 675 11261.810 -1.000 -1.000 11261.810 11261.810 126 126 151 151 126 -1" )
	call Preload( "B 675 -1 -1 -1 -1 2 0 0 2 0" )
	call Preload( "A 676 11278.473 -1.000 -1.000 11278.473 11278.473 126 126 151 151 126 -1" )
	call Preload( "B 676 -1 -1 -1 -1 2 0 0 2 0" )
	call Preload( "A 677 11295.135 -1.000 -1.000 11295.135 11295.135 126 126 151 151 126 -1" )
	call Preload( "B 677 -1 -1 -1 -1 2 0 0 2 0" )
	call Preload( "A 678 11311.798 -1.000 -1.000 11311.798 11311.798 126 126 151 151 126 -1" )
	call Preload( "B 678 -1 -1 -1 -1 2 0 0 2 0" )
	call Preload( "A 679 11328.460 -1.000 -1.000 11328.460 11328.460 126 126 151 151 126 -1" )
	call Preload( "B 679 -1 -1 -1 -1 2 0 0 2 0" )
	call Preload( "A 680 11345.123 -1.000 -1.000 11345.123 11345.123 126 126 151 151 126 -1" )
	call Preload( "B 680 -1 -1 -1 -1 2 0 0 2 0" )
	call Preload( "A 681 11361.785 -1.000 -1.000 11361.785 11361.785 126 126 151 151 126 -1" )
	call Preload( "B 681 -1 -1 -1 -1 2 0 0 2 0" )
	call Preload( "A 682 11378.448 -1.000 -1.000 11378.448 11378.448 126 126 151 151 126 -1" )
	call Preload( "B 682 -1 -1 -1 -1 2 0 0 2 0" )
	call Preload( "A 683 11395.110 -1.000 -1.000 11395.110 11395.110 126 126 151 151 126 -1" )
	call Preload( "B 683 -1 -1 -1 -1 2 0 0 2 0" )
	call Preload( "A 684 11411.773 -1.000 -1.000 11411.773 11411.773 126 126 151 151 126 -1" )
	call Preload( "B 684 -1 -1 -1 -1 2 0 0 2 0" )
	call Preload( "A 685 11428.436 -1.000 -1.000 11428.436 11428.436 126 126 151 151 126 -1" )
	call Preload( "B 685 -1 -1 -1 -1 2 0 0 2 0" )
	call Preload( "A 686 11445.099 -1.000 -1.000 11445.099 11445.099 126 126 151 151 126 -1" )
	call Preload( "B 686 -1 -1 -1 -1 2 0 0 2 0" )
	call Preload( "A 687 11461.761 -1.000 -1.000 11461.761 11461.761 126 126 151 151 126 -1" )
	call Preload( "B 687 -1 -1 -1 -1 2 0 0 2 0" )
	call Preload( "A 688 11478.424 -1.000 -1.000 11478.424 11478.424 126 126 151 151 126 -1" )
	call Preload( "B 688 -1 -1 -1 -1 2 0 0 2 0" )
	call Preload( "A 689 11495.086 -1.000 -1.000 11495.086 11495.086 126 126 151 151 126 -1" )
	call Preload( "B 689 -1 -1 -1 -1 2 0 0 2 0" )
	call Preload( "A 690 11511.749 -1.000 -1.000 11511.749 11511.749 126 126 151 151 126 -1" )
	call Preload( "B 690 -1 -1 -1 -1 2 0 0 2 0" )
	call Preload( "A 691 11528.411 -1.000 -1.000 11528.411 11528.411 126 126 151 151 126 -1" )
	call Preload( "B 691 -1 -1 -1 -1 2 0 0 2 0" )
	call Preload( "A 692 11545.074 -1.000 -1.000 11545.074 11545.074 126 126 151 151 126 -1" )
	call Preload( "B 692 -1 -1 -1 -1 2 0 0 2 0" )
	call Preload( "A 693 11561.736 -1.000 -1.000 11561.736 11561.736 126 126 151 151 126 -1" )
	call Preload( "B 693 -1 -1 -1 -1 2 0 0 2 0" )
	call Preload( "A 694 11578.399 -1.000 -1.000 11578.399 11578.399 126 126 151 151 126 -1" )
	call Preload( "B 694 -1 -1 -1 -1 2 0 0 2 0" )
	call Preload( "A 695 11595.062 -1.000 -1.000 11595.062 11595.062 126 126 151 151 126 -1" )
	call Preload( "B 695 -1 -1 -1 -1 2 0 0 2 0" )
	call Preload( "A 696 11611.725 -1.000 -1.000 11611.725 11611.725 126 126 151 151 126 -1" )
	call Preload( "B 696 -1 -1 -1 -1 2 0 0 2 0" )
	call Preload( "A 697 11628.387 -1.000 -1.000 11628.387 11628.387 126 126 151 151 126 -1" )
	call Preload( "B 697 -1 -1 -1 -1 2 0 0 2 0" )
	call Preload( "A 698 11645.050 -1.000 -1.000 11645.050 11645.050 126 126 151 151 126 -1" )
	call Preload( "B 698 -1 -1 -1 -1 2 0 0 2 0" )
	call Preload( "A 699 11661.712 -1.000 -1.000 11661.712 11661.712 126 126 151 151 126 -1" )
	call Preload( "B 699 -1 -1 -1 -1 2 0 0 2 0" )
	call Preload( "A 700 11678.375 -1.000 -1.000 11678.375 11678.375 126 126 151 151 126 -1" )
	call Preload( "B 700 -1 -1 -1 -1 2 0 0 2 0" )
	call Preload( "A 701 11695.037 -1.000 -1.000 11695.037 11695.037 126 126 151 151 126 -1" )
	call Preload( "B 701 -1 -1 -1 -1 2 0 0 2 0" )
	call Preload( "A 702 11711.700 -1.000 -1.000 11711.700 11711.700 126 126 151 151 126 -1" )
	call Preload( "B 702 -1 -1 -1 -1 2 0 0 2 0" )
	call Preload( "A 703 11728.362 -1.000 -1.000 11728.362 11728.362 126 126 151 151 126 -1" )
	call Preload( "B 703 -1 -1 -1 -1 2 0 0 2 0" )
	call Preload( "A 704 11745.025 -1.000 -1.000 11745.025 11745.025 126 126 151 151 126 -1" )
	call Preload( "B 704 -1 -1 -1 -1 2 0 0 2 0" )
	call Preload( "A 705 11761.688 -1.000 -1.000 11761.688 11761.688 126 126 151 151 126 -1" )
	call Preload( "B 705 -1 -1 -1 -1 2 0 0 2 0" )
	call Preload( "A 706 11778.351 -1.000 -1.000 11778.351 11778.351 126 126 151 151 126 -1" )
	call Preload( "B 706 -1 -1 -1 -1 2 0 0 2 0" )
	call Preload( "A 707 11795.013 -1.000 -1.000 11795.013 11795.013 126 126 151 151 126 -1" )
	call Preload( "B 707 -1 -1 -1 -1 2 0 0 2 0" )
	call Preload( "A 708 11811.676 -1.000 -1.000 11811.676 11811.676 126 126 151 151 126 -1" )
	call Preload( "B 708 -1 -1 -1 -1 2 0 0 2 0" )
	call Preload( "A 709 11828.338 -1.000 -1.000 11828.338 11828.338 126 126 151 151 126 -1" )
	call Preload( "B 709 -1 -1 -1 -1 2 0 0 2 0" )
	call Preload( "A 710 11845.001 -1.000 -1.000 11845.001 11845.001 126 126 151 151 126 -1" )
	call Preload( "B 710 -1 -1 -1 -1 2 0 0 2 0" )
	call Preload( "A 711 11861.663 -1.000 -1.000 11861.663 11861.663 126 126 151 151 126 -1" )
	call Preload( "B 711 -1 -1 -1 -1 2 0 0 2 0" )
	call Preload( "A 712 11878.326 -1.000 -1.000 11878.326 11878.326 126 126 151 151 126 -1" )
	call Preload( "B 712 -1 -1 -1 -1 2 0 0 2 0" )
	call Preload( "A 713 11894.988 -1.000 -1.000 11894.988 11894.988 126 126 151 151 126 -1" )
	call Preload( "B 713 -1 -1 -1 -1 2 0 0 2 0" )
	call Preload( "A 714 11911.651 -1.000 -1.000 11911.651 11911.651 126 126 151 151 126 -1" )
	call Preload( "B 714 -1 -1 -1 -1 2 0 0 2 0" )
	call Preload( "A 715 11928.313 -1.000 -1.000 11928.313 11928.313 126 126 151 151 126 -1" )
	call Preload( "B 715 -1 -1 -1 -1 2 0 0 2 0" )
	call Preload( "A 716 11944.977 -1.000 -1.000 11944.977 11944.977 126 126 151 151 126 -1" )
	call Preload( "B 716 -1 -1 -1 -1 2 0 0 2 0" )
	call Preload( "A 717 11961.639 -1.000 -1.000 11961.639 11961.639 126 126 151 151 126 -1" )
	call Preload( "B 717 -1 -1 -1 -1 2 0 0 2 0" )
	call Preload( "A 718 11978.302 -1.000 -1.000 11978.302 11978.302 126 126 151 151 126 -1" )
	call Preload( "B 718 -1 -1 -1 -1 2 0 0 2 0" )
	call Preload( "A 719 11994.964 -1.000 -1.000 11994.964 11994.964 126 126 151 151 126 -1" )
	call Preload( "B 719 -1 -1 -1 -1 2 0 0 2 0" )
	call Preload( "A 720 12011.627 -1.000 -1.000 12011.627 12011.627 126 126 151 151 126 -1" )
	call Preload( "B 720 -1 -1 -1 -1 2 0 0 2 0" )
	call Preload( "A 721 12028.289 -1.000 -1.000 12028.289 12028.289 126 126 151 151 126 -1" )
	call Preload( "B 721 -1 -1 -1 -1 2 0 0 2 0" )
	call Preload( "A 722 12044.952 -1.000 -1.000 12044.952 12044.952 126 126 151 151 126 -1" )
	call Preload( "B 722 -1 -1 -1 -1 2 0 0 2 0" )
	call Preload( "A 723 12061.614 -1.000 -1.000 12061.614 12061.614 126 126 151 151 126 -1" )
	call Preload( "B 723 -1 -1 -1 -1 2 0 0 2 0" )
	call Preload( "A 724 12078.277 -1.000 -1.000 12078.277 12078.277 126 126 151 151 126 -1" )
	call Preload( "B 724 -1 -1 -1 -1 2 0 0 2 0" )
	call Preload( "A 725 12094.939 -1.000 -1.000 12094.939 12094.939 126 126 151 151 126 -1" )
	call Preload( "B 725 -1 -1 -1 -1 2 0 0 2 0" )
	call Preload( "A 726 12111.603 -1.000 -1.000 12111.603 12111.603 126 126 151 151 126 -1" )
	call Preload( "B 726 -1 -1 -1 -1 2 0 0 2 0" )
	call Preload( "A 727 12128.265 -1.000 -1.000 12128.265 12128.265 126 126 151 151 126 -1" )
	call Preload( "B 727 -1 -1 -1 -1 2 0 0 2 0" )
	call Preload( "A 728 12144.928 -1.000 -1.000 12144.928 12144.928 126 126 151 151 126 -1" )
	call Preload( "B 728 -1 -1 -1 -1 2 0 0 2 0" )
	call Preload( "A 729 12161.590 -1.000 -1.000 12161.590 12161.590 126 126 151 151 126 -1" )
	call Preload( "B 729 -1 -1 -1 -1 2 0 0 2 0" )
	call Preload( "A 730 12178.253 -1.000 -1.000 12178.253 12178.253 126 126 151 151 126 -1" )
	call Preload( "B 730 -1 -1 -1 -1 2 0 0 2 0" )
	call Preload( "A 731 12194.915 -1.000 -1.000 12194.915 12194.915 126 126 151 151 126 -1" )
	call Preload( "B 731 -1 -1 -1 -1 2 0 0 2 0" )
	call Preload( "A 732 12211.578 -1.000 -1.000 12211.578 12211.578 126 126 151 151 126 -1" )
	call Preload( "B 732 -1 -1 -1 -1 2 0 0 2 0" )
	call Preload( "A 733 12228.240 -1.000 -1.000 12228.240 12228.240 126 126 151 151 126 -1" )
	call Preload( "B 733 -1 -1 -1 -1 2 0 0 2 0" )
	call Preload( "A 734 12244.903 -1.000 -1.000 12244.903 12244.903 126 126 151 151 126 -1" )
	call Preload( "B 734 -1 -1 -1 -1 2 0 0 2 0" )
	call Preload( "A 735 12261.565 -1.000 -1.000 12261.565 12261.565 126 126 151 151 126 -1" )
	call Preload( "B 735 -1 -1 -1 -1 2 0 0 2 0" )
	call Preload( "A 736 12278.229 -1.000 -1.000 12278.229 12278.229 126 126 151 151 126 -1" )
	call Preload( "B 736 -1 -1 -1 -1 2 0 0 2 0" )
	call Preload( "A 737 12294.891 -1.000 -1.000 12294.891 12294.891 126 126 151 151 126 -1" )
	call Preload( "B 737 -1 -1 -1 -1 2 0 0 2 0" )
	call Preload( "A 738 12311.554 -1.000 -1.000 12311.554 12311.554 126 126 151 151 126 -1" )
	call Preload( "B 738 -1 -1 -1 -1 2 0 0 2 0" )
	call Preload( "A 739 12328.216 -1.000 -1.000 12328.216 12328.216 126 126 151 151 126 -1" )
	call Preload( "B 739 -1 -1 -1 -1 2 0 0 2 0" )
	call Preload( "A 740 12344.879 -1.000 -1.000 12344.879 12344.879 126 126 151 151 126 -1" )
	call Preload( "B 740 -1 -1 -1 -1 2 0 0 2 0" )
	call Preload( "A 741 12361.541 -1.000 -1.000 12361.541 12361.541 126 126 151 151 126 -1" )
	call Preload( "B 741 -1 -1 -1 -1 2 0 0 2 0" )
	call Preload( "A 742 12378.204 -1.000 -1.000 12378.204 12378.204 126 126 151 151 126 -1" )
	call Preload( "B 742 -1 -1 -1 -1 2 0 0 2 0" )
	call Preload( "A 743 12394.866 -1.000 -1.000 12394.866 12394.866 126 126 151 151 126 -1" )
	call Preload( "B 743 -1 -1 -1 -1 2 0 0 2 0" )
	call Preload( "A 744 12411.529 -1.000 -1.000 12411.529 12411.529 126 126 151 151 126 -1" )
	call Preload( "B 744 -1 -1 -1 -1 2 0 0 2 0" )
	call Preload( "A 745 12428.191 -1.000 -1.000 12428.191 12428.191 126 126 151 151 126 -1" )
	call Preload( "B 745 -1 -1 -1 -1 2 0 0 2 0" )
	call Preload( "A 746 12444.854 -1.000 -1.000 12444.854 12444.854 126 126 151 151 126 -1" )
	call Preload( "B 746 -1 -1 -1 -1 2 0 0 2 0" )
	call Preload( "A 747 12461.517 -1.000 -1.000 12461.517 12461.517 126 126 151 151 126 -1" )
	call Preload( "B 747 -1 -1 -1 -1 2 0 0 2 0" )
	call Preload( "A 748 12478.180 -1.000 -1.000 12478.180 12478.180 126 126 151 151 126 -1" )
	call Preload( "B 748 -1 -1 -1 -1 2 0 0 2 0" )
	call Preload( "A 749 12494.842 -1.000 -1.000 12494.842 12494.842 126 126 151 151 126 -1" )
	call Preload( "B 749 -1 -1 -1 -1 2 0 0 2 0" )
	call PreloadEnd( 0.0 )

endfunction


