function PreloadFiles takes nothing returns nothing

	call PreloadStart()
	call Preload( "RS v=2 build=20261003T221416375056960 local=1 run=1 page=6 rows=1461 mode=clean edge_pairs=0 edge_limit=64 edge_dropped=0" )
	call Preload( "counts poll=254 capture_attempt=0 advance=1461 present=1461" )
	call Preload( "clock=native-game-ms not-host-wall; row=zero-based-service; marker_x=0.04+(row%32)*0.0032 y=0.595-((row/32)%4)*0.01" )
	call Preload( "A row entry_ms poll_ms capture_ms advance_ms present_ms frame_before frame_after F_before F_after K_before target" )
	call Preload( "B row held pressed released capture_result phase confirmed_shield predicted_shield pose_serial correction" )
	call Preload( "A 900 15010.895 -1.000 -1.000 15010.895 15010.895 126 126 151 151 126 -1" )
	call Preload( "B 900 -1 -1 -1 -1 2 0 0 2 0" )
	call Preload( "A 901 15027.557 -1.000 -1.000 15027.557 15027.557 126 126 151 151 126 -1" )
	call Preload( "B 901 -1 -1 -1 -1 2 0 0 2 0" )
	call Preload( "A 902 15044.220 -1.000 -1.000 15044.220 15044.220 126 126 151 151 126 -1" )
	call Preload( "B 902 -1 -1 -1 -1 2 0 0 2 0" )
	call Preload( "A 903 15060.882 -1.000 -1.000 15060.882 15060.882 126 126 151 151 126 -1" )
	call Preload( "B 903 -1 -1 -1 -1 2 0 0 2 0" )
	call Preload( "A 904 15077.545 -1.000 -1.000 15077.545 15077.545 126 126 151 151 126 -1" )
	call Preload( "B 904 -1 -1 -1 -1 2 0 0 2 0" )
	call Preload( "A 905 15094.207 -1.000 -1.000 15094.207 15094.207 126 126 151 151 126 -1" )
	call Preload( "B 905 -1 -1 -1 -1 2 0 0 2 0" )
	call Preload( "A 906 15110.870 -1.000 -1.000 15110.870 15110.870 126 126 151 151 126 -1" )
	call Preload( "B 906 -1 -1 -1 -1 2 0 0 2 0" )
	call Preload( "A 907 15127.532 -1.000 -1.000 15127.532 15127.532 126 126 151 151 126 -1" )
	call Preload( "B 907 -1 -1 -1 -1 2 0 0 2 0" )
	call Preload( "A 908 15144.195 -1.000 -1.000 15144.195 15144.195 126 126 151 151 126 -1" )
	call Preload( "B 908 -1 -1 -1 -1 2 0 0 2 0" )
	call Preload( "A 909 15160.857 -1.000 -1.000 15160.857 15160.857 126 132 151 152 159 -1" )
	call Preload( "B 909 -1 -1 -1 -1 2 0 0 2 131" )
	call Preload( "A 910 15177.521 15177.521 -1.000 15177.521 15177.521 132 138 152 153 159 196" )
	call Preload( "B 910 0 0 0 -1 2 0 0 2 0" )
	call Preload( "A 911 15194.183 15194.183 -1.000 15194.183 15194.183 138 144 153 154 159 202" )
	call Preload( "B 911 0 0 0 -1 2 0 0 2 0" )
	call Preload( "A 912 15210.846 15210.846 -1.000 15210.846 15210.846 144 150 154 155 159 208" )
	call Preload( "B 912 0 0 0 -1 2 0 0 2 0" )
	call Preload( "A 913 15227.508 15227.508 -1.000 15227.508 15227.508 150 154 155 156 159 214" )
	call Preload( "B 913 0 0 0 -1 2 0 0 2 0" )
	call Preload( "A 914 15244.171 15244.171 -1.000 15244.171 15244.171 154 155 156 157 159 218" )
	call Preload( "B 914 0 0 0 -1 2 0 0 2 0" )
	call Preload( "A 915 15260.833 15260.833 -1.000 15260.833 15260.833 155 156 157 158 159 219" )
	call Preload( "B 915 0 0 0 -1 2 0 0 2 0" )
	call Preload( "A 916 15277.496 15277.496 -1.000 15277.496 15277.496 156 157 158 159 159 220" )
	call Preload( "B 916 0 0 0 -1 2 0 0 2 0" )
	call Preload( "A 917 15294.158 15294.158 -1.000 15294.158 15294.158 157 158 159 160 159 221" )
	call Preload( "B 917 0 0 0 -1 2 0 0 2 0" )
	call Preload( "A 918 15310.821 15310.821 -1.000 15310.821 15310.821 158 159 160 161 159 222" )
	call Preload( "B 918 0 0 0 -1 2 0 0 2 0" )
	call Preload( "A 919 15327.483 15327.483 -1.000 15327.483 15327.483 159 159 161 162 159 223" )
	call Preload( "B 919 0 0 0 -1 2 0 0 2 0" )
	call Preload( "A 920 15344.146 -1.000 -1.000 15344.146 15344.146 159 159 162 163 159 -1" )
	call Preload( "B 920 -1 -1 -1 -1 2 0 0 2 0" )
	call Preload( "A 921 15360.809 -1.000 -1.000 15360.809 15360.809 159 159 163 164 159 -1" )
	call Preload( "B 921 -1 -1 -1 -1 2 0 0 2 0" )
	call Preload( "A 922 15377.472 -1.000 -1.000 15377.472 15377.472 159 159 164 165 159 -1" )
	call Preload( "B 922 -1 -1 -1 -1 2 0 0 2 0" )
	call Preload( "A 923 15394.134 -1.000 -1.000 15394.134 15394.134 159 159 165 166 159 -1" )
	call Preload( "B 923 -1 -1 -1 -1 2 0 0 2 0" )
	call Preload( "A 924 15410.797 -1.000 -1.000 15410.797 15410.797 159 159 166 167 159 -1" )
	call Preload( "B 924 -1 -1 -1 -1 2 0 0 2 0" )
	call Preload( "A 925 15427.459 -1.000 -1.000 15427.459 15427.459 159 159 167 168 159 -1" )
	call Preload( "B 925 -1 -1 -1 -1 2 0 0 2 0" )
	call Preload( "A 926 15444.122 -1.000 -1.000 15444.122 15444.122 159 159 168 169 159 -1" )
	call Preload( "B 926 -1 -1 -1 -1 2 0 0 2 0" )
	call Preload( "A 927 15460.784 -1.000 -1.000 15460.784 15460.784 159 159 169 170 159 -1" )
	call Preload( "B 927 -1 -1 -1 -1 2 0 0 2 0" )
	call Preload( "A 928 15477.447 -1.000 -1.000 15477.447 15477.447 159 159 170 171 159 -1" )
	call Preload( "B 928 -1 -1 -1 -1 2 0 0 2 0" )
	call Preload( "A 929 15494.109 -1.000 -1.000 15494.109 15494.109 159 159 171 172 159 -1" )
	call Preload( "B 929 -1 -1 -1 -1 2 0 0 2 0" )
	call Preload( "A 930 15510.772 -1.000 -1.000 15510.772 15510.772 159 159 172 173 159 -1" )
	call Preload( "B 930 -1 -1 -1 -1 2 0 0 2 0" )
	call Preload( "A 931 15527.435 -1.000 -1.000 15527.435 15527.435 159 159 173 174 159 -1" )
	call Preload( "B 931 -1 -1 -1 -1 2 0 0 2 0" )
	call Preload( "A 932 15544.098 -1.000 -1.000 15544.098 15544.098 159 159 174 175 159 -1" )
	call Preload( "B 932 -1 -1 -1 -1 2 0 0 2 0" )
	call Preload( "A 933 15560.760 -1.000 -1.000 15560.760 15560.760 159 159 175 176 159 -1" )
	call Preload( "B 933 -1 -1 -1 -1 2 0 0 2 0" )
	call Preload( "A 934 15577.423 -1.000 -1.000 15577.423 15577.423 159 159 176 177 159 -1" )
	call Preload( "B 934 -1 -1 -1 -1 2 0 0 2 0" )
	call Preload( "A 935 15594.085 -1.000 -1.000 15594.085 15594.085 159 159 177 178 159 -1" )
	call Preload( "B 935 -1 -1 -1 -1 2 0 0 2 0" )
	call Preload( "A 936 15610.748 -1.000 -1.000 15610.748 15610.748 159 159 178 179 159 -1" )
	call Preload( "B 936 -1 -1 -1 -1 2 0 0 2 0" )
	call Preload( "A 937 15627.410 -1.000 -1.000 15627.410 15627.410 159 159 179 180 159 -1" )
	call Preload( "B 937 -1 -1 -1 -1 2 0 0 2 0" )
	call Preload( "A 938 15644.073 -1.000 -1.000 15644.073 15644.073 159 159 180 181 159 -1" )
	call Preload( "B 938 -1 -1 -1 -1 2 0 0 2 0" )
	call Preload( "A 939 15660.735 -1.000 -1.000 15660.735 15660.735 159 159 181 182 159 -1" )
	call Preload( "B 939 -1 -1 -1 -1 2 0 0 2 0" )
	call Preload( "A 940 15677.398 -1.000 -1.000 15677.398 15677.398 159 159 182 183 159 -1" )
	call Preload( "B 940 -1 -1 -1 -1 2 0 0 2 0" )
	call Preload( "A 941 15694.061 -1.000 -1.000 15694.061 15694.061 159 159 183 184 159 -1" )
	call Preload( "B 941 -1 -1 -1 -1 2 0 0 2 0" )
	call Preload( "A 942 15710.724 -1.000 -1.000 15710.724 15710.724 159 159 184 184 159 -1" )
	call Preload( "B 942 -1 -1 -1 -1 2 0 0 2 0" )
	call Preload( "A 943 15727.386 -1.000 -1.000 15727.386 15727.386 159 159 184 184 159 -1" )
	call Preload( "B 943 -1 -1 -1 -1 2 0 0 2 0" )
	call Preload( "A 944 15744.049 -1.000 -1.000 15744.049 15744.049 159 159 184 184 159 -1" )
	call Preload( "B 944 -1 -1 -1 -1 2 0 0 2 0" )
	call Preload( "A 945 15760.711 -1.000 -1.000 15760.711 15760.711 159 159 184 184 159 -1" )
	call Preload( "B 945 -1 -1 -1 -1 2 0 0 2 0" )
	call Preload( "A 946 15777.374 -1.000 -1.000 15777.374 15777.374 159 159 184 184 159 -1" )
	call Preload( "B 946 -1 -1 -1 -1 2 0 0 2 0" )
	call Preload( "A 947 15794.036 -1.000 -1.000 15794.036 15794.036 159 159 184 184 159 -1" )
	call Preload( "B 947 -1 -1 -1 -1 2 0 0 2 0" )
	call Preload( "A 948 15810.699 -1.000 -1.000 15810.699 15810.699 159 159 184 184 159 -1" )
	call Preload( "B 948 -1 -1 -1 -1 2 0 0 2 0" )
	call Preload( "A 949 15827.361 -1.000 -1.000 15827.361 15827.361 159 159 184 184 159 -1" )
	call Preload( "B 949 -1 -1 -1 -1 2 0 0 2 0" )
	call Preload( "A 950 15844.024 -1.000 -1.000 15844.024 15844.024 159 159 184 184 159 -1" )
	call Preload( "B 950 -1 -1 -1 -1 2 0 0 2 0" )
	call Preload( "A 951 15860.687 -1.000 -1.000 15860.687 15860.687 159 159 184 184 159 -1" )
	call Preload( "B 951 -1 -1 -1 -1 2 0 0 2 0" )
	call Preload( "A 952 15877.350 -1.000 -1.000 15877.350 15877.350 159 159 184 184 159 -1" )
	call Preload( "B 952 -1 -1 -1 -1 2 0 0 2 0" )
	call Preload( "A 953 15894.012 -1.000 -1.000 15894.012 15894.012 159 159 184 184 159 -1" )
	call Preload( "B 953 -1 -1 -1 -1 2 0 0 2 0" )
	call Preload( "A 954 15910.675 -1.000 -1.000 15910.675 15910.675 159 159 184 184 159 -1" )
	call Preload( "B 954 -1 -1 -1 -1 2 0 0 2 0" )
	call Preload( "A 955 15927.337 -1.000 -1.000 15927.337 15927.337 159 159 184 184 159 -1" )
	call Preload( "B 955 -1 -1 -1 -1 2 0 0 2 0" )
	call Preload( "A 956 15944.000 -1.000 -1.000 15944.000 15944.000 159 159 184 184 159 -1" )
	call Preload( "B 956 -1 -1 -1 -1 2 0 0 2 0" )
	call Preload( "A 957 15960.662 -1.000 -1.000 15960.662 15960.662 159 159 184 184 159 -1" )
	call Preload( "B 957 -1 -1 -1 -1 2 0 0 2 0" )
	call Preload( "A 958 15977.325 -1.000 -1.000 15977.325 15977.325 159 159 184 184 159 -1" )
	call Preload( "B 958 -1 -1 -1 -1 2 0 0 2 0" )
	call Preload( "A 959 15993.987 -1.000 -1.000 15993.987 15993.987 159 159 184 184 159 -1" )
	call Preload( "B 959 -1 -1 -1 -1 2 0 0 2 0" )
	call Preload( "A 960 16010.650 -1.000 -1.000 16010.650 16010.650 159 159 184 184 159 -1" )
	call Preload( "B 960 -1 -1 -1 -1 2 0 0 2 0" )
	call Preload( "A 961 16027.313 -1.000 -1.000 16027.313 16027.313 159 159 184 184 159 -1" )
	call Preload( "B 961 -1 -1 -1 -1 2 0 0 2 0" )
	call Preload( "A 962 16043.976 -1.000 -1.000 16043.976 16043.976 159 159 184 184 159 -1" )
	call Preload( "B 962 -1 -1 -1 -1 2 0 0 2 0" )
	call Preload( "A 963 16060.638 -1.000 -1.000 16060.638 16060.638 159 159 184 184 159 -1" )
	call Preload( "B 963 -1 -1 -1 -1 2 0 0 2 0" )
	call Preload( "A 964 16077.301 -1.000 -1.000 16077.301 16077.301 159 159 184 184 159 -1" )
	call Preload( "B 964 -1 -1 -1 -1 2 0 0 2 0" )
	call Preload( "A 965 16093.963 -1.000 -1.000 16093.963 16093.963 159 159 184 184 159 -1" )
	call Preload( "B 965 -1 -1 -1 -1 2 0 0 2 0" )
	call Preload( "A 966 16110.626 -1.000 -1.000 16110.626 16110.626 159 159 184 184 159 -1" )
	call Preload( "B 966 -1 -1 -1 -1 2 0 0 2 0" )
	call Preload( "A 967 16127.288 -1.000 -1.000 16127.288 16127.288 159 159 184 184 159 -1" )
	call Preload( "B 967 -1 -1 -1 -1 2 0 0 2 0" )
	call Preload( "A 968 16143.951 -1.000 -1.000 16143.951 16143.951 159 159 184 184 159 -1" )
	call Preload( "B 968 -1 -1 -1 -1 2 0 0 2 0" )
	call Preload( "A 969 16160.613 -1.000 -1.000 16160.613 16160.613 159 159 184 184 159 -1" )
	call Preload( "B 969 -1 -1 -1 -1 2 0 0 2 0" )
	call Preload( "A 970 16177.276 -1.000 -1.000 16177.276 16177.276 159 159 184 184 159 -1" )
	call Preload( "B 970 -1 -1 -1 -1 2 0 0 2 0" )
	call Preload( "A 971 16193.938 -1.000 -1.000 16193.938 16193.938 159 159 184 184 159 -1" )
	call Preload( "B 971 -1 -1 -1 -1 2 0 0 2 0" )
	call Preload( "A 972 16210.602 -1.000 -1.000 16210.602 16210.602 159 159 184 184 159 -1" )
	call Preload( "B 972 -1 -1 -1 -1 2 0 0 2 0" )
	call Preload( "A 973 16227.264 -1.000 -1.000 16227.264 16227.264 159 159 184 184 159 -1" )
	call Preload( "B 973 -1 -1 -1 -1 2 0 0 2 0" )
	call Preload( "A 974 16243.927 -1.000 -1.000 16243.927 16243.927 159 159 184 184 159 -1" )
	call Preload( "B 974 -1 -1 -1 -1 2 0 0 2 0" )
	call Preload( "A 975 16260.589 -1.000 -1.000 16260.589 16260.589 159 159 184 184 159 -1" )
	call Preload( "B 975 -1 -1 -1 -1 2 0 0 2 0" )
	call Preload( "A 976 16277.252 -1.000 -1.000 16277.252 16277.252 159 159 184 184 159 -1" )
	call Preload( "B 976 -1 -1 -1 -1 2 0 0 2 0" )
	call Preload( "A 977 16293.914 -1.000 -1.000 16293.914 16293.914 159 159 184 184 159 -1" )
	call Preload( "B 977 -1 -1 -1 -1 2 0 0 2 0" )
	call Preload( "A 978 16310.577 -1.000 -1.000 16310.577 16310.577 159 159 184 184 159 -1" )
	call Preload( "B 978 -1 -1 -1 -1 2 0 0 2 0" )
	call Preload( "A 979 16327.239 -1.000 -1.000 16327.239 16327.239 159 159 184 184 159 -1" )
	call Preload( "B 979 -1 -1 -1 -1 2 0 0 2 0" )
	call Preload( "A 980 16343.902 -1.000 -1.000 16343.902 16343.902 159 159 184 184 159 -1" )
	call Preload( "B 980 -1 -1 -1 -1 2 0 0 2 0" )
	call Preload( "A 981 16360.564 -1.000 -1.000 16360.564 16360.564 159 159 184 184 159 -1" )
	call Preload( "B 981 -1 -1 -1 -1 2 0 0 2 0" )
	call Preload( "A 982 16377.228 -1.000 -1.000 16377.228 16377.228 159 159 184 184 159 -1" )
	call Preload( "B 982 -1 -1 -1 -1 2 0 0 2 0" )
	call Preload( "A 983 16393.889 -1.000 -1.000 16393.889 16393.889 159 159 184 184 159 -1" )
	call Preload( "B 983 -1 -1 -1 -1 2 0 0 2 0" )
	call Preload( "A 984 16410.553 -1.000 -1.000 16410.553 16410.553 159 159 184 184 159 -1" )
	call Preload( "B 984 -1 -1 -1 -1 2 0 0 2 0" )
	call Preload( "A 985 16427.215 -1.000 -1.000 16427.215 16427.215 159 159 184 184 159 -1" )
	call Preload( "B 985 -1 -1 -1 -1 2 0 0 2 0" )
	call Preload( "A 986 16443.877 -1.000 -1.000 16443.877 16443.877 159 159 184 184 159 -1" )
	call Preload( "B 986 -1 -1 -1 -1 2 0 0 2 0" )
	call Preload( "A 987 16460.539 -1.000 -1.000 16460.539 16460.539 159 159 184 184 159 -1" )
	call Preload( "B 987 -1 -1 -1 -1 2 0 0 2 0" )
	call Preload( "A 988 16477.203 -1.000 -1.000 16477.203 16477.203 159 159 184 184 159 -1" )
	call Preload( "B 988 -1 -1 -1 -1 2 0 0 2 0" )
	call Preload( "A 989 16493.865 -1.000 -1.000 16493.865 16493.865 159 159 184 184 159 -1" )
	call Preload( "B 989 -1 -1 -1 -1 2 0 0 2 0" )
	call Preload( "A 990 16510.527 -1.000 -1.000 16510.527 16510.527 159 159 184 184 159 -1" )
	call Preload( "B 990 -1 -1 -1 -1 2 0 0 2 0" )
	call Preload( "A 991 16527.189 -1.000 -1.000 16527.189 16527.189 159 159 184 184 159 -1" )
	call Preload( "B 991 -1 -1 -1 -1 2 0 0 2 0" )
	call Preload( "A 992 16543.854 -1.000 -1.000 16543.854 16543.854 159 159 184 184 159 -1" )
	call Preload( "B 992 -1 -1 -1 -1 2 0 0 2 0" )
	call Preload( "A 993 16560.516 -1.000 -1.000 16560.516 16560.516 159 159 184 184 159 -1" )
	call Preload( "B 993 -1 -1 -1 -1 2 0 0 2 0" )
	call Preload( "A 994 16577.178 -1.000 -1.000 16577.178 16577.178 159 159 184 184 159 -1" )
	call Preload( "B 994 -1 -1 -1 -1 2 0 0 2 0" )
	call Preload( "A 995 16593.840 -1.000 -1.000 16593.840 16593.840 159 159 184 184 159 -1" )
	call Preload( "B 995 -1 -1 -1 -1 2 0 0 2 0" )
	call Preload( "A 996 16610.504 -1.000 -1.000 16610.504 16610.504 159 159 184 184 159 -1" )
	call Preload( "B 996 -1 -1 -1 -1 2 0 0 2 0" )
	call Preload( "A 997 16627.166 -1.000 -1.000 16627.166 16627.166 159 159 184 184 159 -1" )
	call Preload( "B 997 -1 -1 -1 -1 2 0 0 2 0" )
	call Preload( "A 998 16643.828 -1.000 -1.000 16643.828 16643.828 159 159 184 184 159 -1" )
	call Preload( "B 998 -1 -1 -1 -1 2 0 0 2 0" )
	call Preload( "A 999 16660.490 -1.000 -1.000 16660.490 16660.490 159 159 184 184 159 -1" )
	call Preload( "B 999 -1 -1 -1 -1 2 0 0 2 0" )
	call Preload( "A 1000 16677.154 -1.000 -1.000 16677.154 16677.154 159 159 184 184 159 -1" )
	call Preload( "B 1000 -1 -1 -1 -1 2 0 0 2 0" )
	call Preload( "A 1001 16693.816 -1.000 -1.000 16693.816 16693.816 159 159 184 184 159 -1" )
	call Preload( "B 1001 -1 -1 -1 -1 2 0 0 2 0" )
	call Preload( "A 1002 16710.479 -1.000 -1.000 16710.479 16710.479 159 159 184 184 159 -1" )
	call Preload( "B 1002 -1 -1 -1 -1 2 0 0 2 0" )
	call Preload( "A 1003 16727.141 -1.000 -1.000 16727.141 16727.141 159 159 184 184 159 -1" )
	call Preload( "B 1003 -1 -1 -1 -1 2 0 0 2 0" )
	call Preload( "A 1004 16743.805 -1.000 -1.000 16743.805 16743.805 159 159 184 184 159 -1" )
	call Preload( "B 1004 -1 -1 -1 -1 2 0 0 2 0" )
	call Preload( "A 1005 16760.467 -1.000 -1.000 16760.467 16760.467 159 159 184 184 159 -1" )
	call Preload( "B 1005 -1 -1 -1 -1 2 0 0 2 0" )
	call Preload( "A 1006 16777.129 -1.000 -1.000 16777.129 16777.129 159 159 184 184 159 -1" )
	call Preload( "B 1006 -1 -1 -1 -1 2 0 0 2 0" )
	call Preload( "A 1007 16793.791 -1.000 -1.000 16793.791 16793.791 159 159 184 184 159 -1" )
	call Preload( "B 1007 -1 -1 -1 -1 2 0 0 2 0" )
	call Preload( "A 1008 16810.455 -1.000 -1.000 16810.455 16810.455 159 159 184 184 159 -1" )
	call Preload( "B 1008 -1 -1 -1 -1 2 0 0 2 0" )
	call Preload( "A 1009 16827.117 -1.000 -1.000 16827.117 16827.117 159 159 184 184 159 -1" )
	call Preload( "B 1009 -1 -1 -1 -1 2 0 0 2 0" )
	call Preload( "A 1010 16843.779 -1.000 -1.000 16843.779 16843.779 159 159 184 184 159 -1" )
	call Preload( "B 1010 -1 -1 -1 -1 2 0 0 2 0" )
	call Preload( "A 1011 16860.441 -1.000 -1.000 16860.441 16860.441 159 159 184 184 159 -1" )
	call Preload( "B 1011 -1 -1 -1 -1 2 0 0 2 0" )
	call Preload( "A 1012 16877.105 -1.000 -1.000 16877.105 16877.105 159 159 184 184 159 -1" )
	call Preload( "B 1012 -1 -1 -1 -1 2 0 0 2 0" )
	call Preload( "A 1013 16893.768 -1.000 -1.000 16893.768 16893.768 159 159 184 184 159 -1" )
	call Preload( "B 1013 -1 -1 -1 -1 2 0 0 2 0" )
	call Preload( "A 1014 16910.430 -1.000 -1.000 16910.430 16910.430 159 159 184 184 159 -1" )
	call Preload( "B 1014 -1 -1 -1 -1 2 0 0 2 0" )
	call Preload( "A 1015 16927.092 -1.000 -1.000 16927.092 16927.092 159 159 184 184 159 -1" )
	call Preload( "B 1015 -1 -1 -1 -1 2 0 0 2 0" )
	call Preload( "A 1016 16943.756 -1.000 -1.000 16943.756 16943.756 159 159 184 184 159 -1" )
	call Preload( "B 1016 -1 -1 -1 -1 2 0 0 2 0" )
	call Preload( "A 1017 16960.418 -1.000 -1.000 16960.418 16960.418 159 159 184 184 159 -1" )
	call Preload( "B 1017 -1 -1 -1 -1 2 0 0 2 0" )
	call Preload( "A 1018 16977.080 -1.000 -1.000 16977.080 16977.080 159 159 184 184 159 -1" )
	call Preload( "B 1018 -1 -1 -1 -1 2 0 0 2 0" )
	call Preload( "A 1019 16993.742 -1.000 -1.000 16993.742 16993.742 159 159 184 184 159 -1" )
	call Preload( "B 1019 -1 -1 -1 -1 2 0 0 2 0" )
	call Preload( "A 1020 17010.406 -1.000 -1.000 17010.406 17010.406 159 159 184 184 159 -1" )
	call Preload( "B 1020 -1 -1 -1 -1 2 0 0 2 0" )
	call Preload( "A 1021 17027.068 -1.000 -1.000 17027.068 17027.068 159 159 184 184 159 -1" )
	call Preload( "B 1021 -1 -1 -1 -1 2 0 0 2 0" )
	call Preload( "A 1022 17043.730 -1.000 -1.000 17043.730 17043.730 159 159 184 184 159 -1" )
	call Preload( "B 1022 -1 -1 -1 -1 2 0 0 2 0" )
	call Preload( "A 1023 17060.393 -1.000 -1.000 17060.393 17060.393 159 159 184 184 159 -1" )
	call Preload( "B 1023 -1 -1 -1 -1 2 0 0 2 0" )
	call Preload( "A 1024 17077.057 -1.000 -1.000 17077.057 17077.057 159 159 184 184 159 -1" )
	call Preload( "B 1024 -1 -1 -1 -1 2 0 0 2 0" )
	call Preload( "A 1025 17093.719 -1.000 -1.000 17093.719 17093.719 159 159 184 184 159 -1" )
	call Preload( "B 1025 -1 -1 -1 -1 2 0 0 2 0" )
	call Preload( "A 1026 17110.381 -1.000 -1.000 17110.381 17110.381 159 159 184 184 159 -1" )
	call Preload( "B 1026 -1 -1 -1 -1 2 0 0 2 0" )
	call Preload( "A 1027 17127.043 -1.000 -1.000 17127.043 17127.043 159 159 184 184 159 -1" )
	call Preload( "B 1027 -1 -1 -1 -1 2 0 0 2 0" )
	call Preload( "A 1028 17143.707 -1.000 -1.000 17143.707 17143.707 159 159 184 184 159 -1" )
	call Preload( "B 1028 -1 -1 -1 -1 2 0 0 2 0" )
	call Preload( "A 1029 17160.369 -1.000 -1.000 17160.369 17160.369 159 159 184 184 159 -1" )
	call Preload( "B 1029 -1 -1 -1 -1 2 0 0 2 0" )
	call Preload( "A 1030 17177.031 -1.000 -1.000 17177.031 17177.031 159 159 184 184 159 -1" )
	call Preload( "B 1030 -1 -1 -1 -1 2 0 0 2 0" )
	call Preload( "A 1031 17193.693 -1.000 -1.000 17193.693 17193.693 159 159 184 184 159 -1" )
	call Preload( "B 1031 -1 -1 -1 -1 2 0 0 2 0" )
	call Preload( "A 1032 17210.357 -1.000 -1.000 17210.357 17210.357 159 159 184 184 159 -1" )
	call Preload( "B 1032 -1 -1 -1 -1 2 0 0 2 0" )
	call Preload( "A 1033 17227.020 -1.000 -1.000 17227.020 17227.020 159 159 184 184 159 -1" )
	call Preload( "B 1033 -1 -1 -1 -1 2 0 0 2 0" )
	call Preload( "A 1034 17243.682 -1.000 -1.000 17243.682 17243.682 159 159 184 184 159 -1" )
	call Preload( "B 1034 -1 -1 -1 -1 2 0 0 2 0" )
	call Preload( "A 1035 17260.344 -1.000 -1.000 17260.344 17260.344 159 159 184 184 159 -1" )
	call Preload( "B 1035 -1 -1 -1 -1 2 0 0 2 0" )
	call Preload( "A 1036 17277.008 -1.000 -1.000 17277.008 17277.008 159 159 184 184 159 -1" )
	call Preload( "B 1036 -1 -1 -1 -1 2 0 0 2 0" )
	call Preload( "A 1037 17293.670 -1.000 -1.000 17293.670 17293.670 159 159 184 184 159 -1" )
	call Preload( "B 1037 -1 -1 -1 -1 2 0 0 2 0" )
	call Preload( "A 1038 17310.332 -1.000 -1.000 17310.332 17310.332 159 159 184 184 159 -1" )
	call Preload( "B 1038 -1 -1 -1 -1 2 0 0 2 0" )
	call Preload( "A 1039 17326.994 -1.000 -1.000 17326.994 17326.994 159 159 184 184 159 -1" )
	call Preload( "B 1039 -1 -1 -1 -1 2 0 0 2 0" )
	call Preload( "A 1040 17343.658 -1.000 -1.000 17343.658 17343.658 159 159 184 184 159 -1" )
	call Preload( "B 1040 -1 -1 -1 -1 2 0 0 2 0" )
	call Preload( "A 1041 17360.320 -1.000 -1.000 17360.320 17360.320 159 159 184 184 159 -1" )
	call Preload( "B 1041 -1 -1 -1 -1 2 0 0 2 0" )
	call Preload( "A 1042 17376.982 -1.000 -1.000 17376.982 17376.982 159 159 184 184 159 -1" )
	call Preload( "B 1042 -1 -1 -1 -1 2 0 0 2 0" )
	call Preload( "A 1043 17393.645 -1.000 -1.000 17393.645 17393.645 159 159 184 184 159 -1" )
	call Preload( "B 1043 -1 -1 -1 -1 2 0 0 2 0" )
	call Preload( "A 1044 17410.309 -1.000 -1.000 17410.309 17410.309 159 159 184 184 159 -1" )
	call Preload( "B 1044 -1 -1 -1 -1 2 0 0 2 0" )
	call Preload( "A 1045 17426.971 -1.000 -1.000 17426.971 17426.971 159 159 184 184 159 -1" )
	call Preload( "B 1045 -1 -1 -1 -1 2 0 0 2 0" )
	call Preload( "A 1046 17443.633 -1.000 -1.000 17443.633 17443.633 159 159 184 184 159 -1" )
	call Preload( "B 1046 -1 -1 -1 -1 2 0 0 2 0" )
	call Preload( "A 1047 17460.295 -1.000 -1.000 17460.295 17460.295 159 159 184 184 159 -1" )
	call Preload( "B 1047 -1 -1 -1 -1 2 0 0 2 0" )
	call Preload( "A 1048 17476.959 -1.000 -1.000 17476.959 17476.959 159 159 184 184 159 -1" )
	call Preload( "B 1048 -1 -1 -1 -1 2 0 0 2 0" )
	call Preload( "A 1049 17493.621 -1.000 -1.000 17493.621 17493.621 159 159 184 184 159 -1" )
	call Preload( "B 1049 -1 -1 -1 -1 2 0 0 2 0" )
	call PreloadEnd( 0.0 )

endfunction


