realtime_ns monotonic_s a_cpu_pct b_cpu_pct
1791229275506048000 639121.55 43 106
1791229276530354074 639122.58 100 150
1791229277550255433 639123.60 78 103
1791229278570464697 639124.62 44 94
1791229279593067584 639125.64 71 113
1791229280621809246 639126.67 87 94
1791229281643250270 639127.69 108 121
1791229282663701142 639128.71 128 179
1791229283684179474 639129.74 162 95
1791229284715884303 639130.76 169 114
1791229285738908463 639131.79 148 116
1791229286756655456 639132.80 117 104
1791229287775267916 639133.82 54 89
1791229288792856741 639134.84 89 162
1791229289809076857 639135.86 146 92
1791229290826873899 639136.87 83 118
1791229291844024381 639137.89 137 93
1791229292862121142 639138.91 214 92
1791229293879781355 639139.93 166 100
1791229294899045265 639140.95 180 166
1791229295916403100 639141.96 209 120
1791229296935093065 639142.98 143 100
1791229297956003290 639144.00 142 102
1791229298976958126 639145.02 55 104
1791229299998180953 639146.05 43 95
1791229301018026984 639147.07 82 179
1791229302037138882 639148.08 108 139
1791229303059453787 639149.11 102 106
1791229304079998090 639150.13 63 99
1791229305098898628 639151.15 58 99
1791229306116515054 639152.16 69 105
1791229307136266551 639153.18 94 161
1791229308154738313 639154.20 77 158
1791229309172565219 639155.22 87 106
1791229310191767484 639156.24 37 78
1791229311212372211 639157.26 43 97
1791229312230798743 639158.28 75 148
1791229313250722703 639159.30 40 150
1791229314269792385 639160.32 77 182
1791229315290923911 639161.34 96 116
1791229316312799455 639162.36 55 116
1791229317332665792 639163.38 55 107
