function PreloadFiles takes nothing returns nothing

	call PreloadStart()
	call Preload( "RS v=2 build=20261003T221416375056960 local=0 run=1 page=8 rows=2179 mode=clean edge_pairs=0 edge_limit=64 edge_dropped=0" )
	call Preload( "counts poll=416 capture_attempt=0 advance=2179 present=2179" )
	call Preload( "clock=native-game-ms not-host-wall; row=zero-based-service; marker_x=0.04+(row%32)*0.0032 y=0.595-((row/32)%4)*0.01" )
	call Preload( "A row entry_ms poll_ms capture_ms advance_ms present_ms frame_before frame_after F_before F_after K_before target" )
	call Preload( "B row held pressed released capture_result phase confirmed_shield predicted_shield pose_serial correction" )
	call Preload( "A 1200 20003.363 -1.000 -1.000 20003.363 20003.363 224 224 249 249 224 -1" )
	call Preload( "B 1200 -1 -1 -1 -1 2 0 0 8 0" )
	call Preload( "A 1201 20020.025 -1.000 -1.000 20020.025 20020.025 224 224 249 249 224 -1" )
	call Preload( "B 1201 -1 -1 -1 -1 2 0 0 8 0" )
	call Preload( "A 1202 20036.689 -1.000 -1.000 20036.689 20036.689 224 224 249 249 224 -1" )
	call Preload( "B 1202 -1 -1 -1 -1 2 0 0 8 0" )
	call Preload( "A 1203 20053.352 -1.000 -1.000 20053.352 20053.352 224 224 249 249 224 -1" )
	call Preload( "B 1203 -1 -1 -1 -1 2 0 0 8 0" )
	call Preload( "A 1204 20070.014 -1.000 -1.000 20070.014 20070.014 224 224 249 249 224 -1" )
	call Preload( "B 1204 -1 -1 -1 -1 2 0 0 8 0" )
	call Preload( "A 1205 20086.676 -1.000 -1.000 20086.676 20086.676 224 224 249 249 224 -1" )
	call Preload( "B 1205 -1 -1 -1 -1 2 0 0 8 0" )
	call Preload( "A 1206 20103.340 -1.000 -1.000 20103.340 20103.340 224 224 249 249 224 -1" )
	call Preload( "B 1206 -1 -1 -1 -1 2 0 0 8 0" )
	call Preload( "A 1207 20120.002 -1.000 -1.000 20120.002 20120.002 224 224 249 249 224 -1" )
	call Preload( "B 1207 -1 -1 -1 -1 2 0 0 8 0" )
	call Preload( "A 1208 20136.664 -1.000 -1.000 20136.664 20136.664 224 224 249 249 224 -1" )
	call Preload( "B 1208 -1 -1 -1 -1 2 0 0 8 0" )
	call Preload( "A 1209 20153.326 -1.000 -1.000 20153.326 20153.326 224 224 249 249 224 -1" )
	call Preload( "B 1209 -1 -1 -1 -1 2 0 0 8 0" )
	call Preload( "A 1210 20169.990 -1.000 -1.000 20169.990 20169.990 224 224 249 249 224 -1" )
	call Preload( "B 1210 -1 -1 -1 -1 2 0 0 8 0" )
	call Preload( "A 1211 20186.652 -1.000 -1.000 20186.652 20186.652 224 224 249 249 224 -1" )
	call Preload( "B 1211 -1 -1 -1 -1 2 0 0 8 0" )
	call Preload( "A 1212 20203.314 -1.000 -1.000 20203.314 20203.314 224 224 249 249 224 -1" )
	call Preload( "B 1212 -1 -1 -1 -1 2 0 0 8 0" )
	call Preload( "A 1213 20219.977 -1.000 -1.000 20219.977 20219.977 224 224 249 249 224 -1" )
	call Preload( "B 1213 -1 -1 -1 -1 2 0 0 8 0" )
	call Preload( "A 1214 20236.641 -1.000 -1.000 20236.641 20236.641 224 224 249 249 224 -1" )
	call Preload( "B 1214 -1 -1 -1 -1 2 0 0 8 0" )
	call Preload( "A 1215 20253.303 -1.000 -1.000 20253.303 20253.303 224 224 249 249 224 -1" )
	call Preload( "B 1215 -1 -1 -1 -1 2 0 0 8 0" )
	call Preload( "A 1216 20269.965 -1.000 -1.000 20269.965 20269.965 224 224 249 249 224 -1" )
	call Preload( "B 1216 -1 -1 -1 -1 2 0 0 8 0" )
	call Preload( "A 1217 20286.627 -1.000 -1.000 20286.627 20286.627 224 224 249 249 224 -1" )
	call Preload( "B 1217 -1 -1 -1 -1 2 0 0 8 0" )
	call Preload( "A 1218 20303.291 -1.000 -1.000 20303.291 20303.291 224 224 249 249 224 -1" )
	call Preload( "B 1218 -1 -1 -1 -1 2 0 0 8 0" )
	call Preload( "A 1219 20319.953 -1.000 -1.000 20319.953 20319.953 224 224 249 249 224 -1" )
	call Preload( "B 1219 -1 -1 -1 -1 2 0 0 8 0" )
	call Preload( "A 1220 20336.615 -1.000 -1.000 20336.615 20336.615 224 224 249 249 224 -1" )
	call Preload( "B 1220 -1 -1 -1 -1 2 0 0 8 0" )
	call Preload( "A 1221 20353.277 -1.000 -1.000 20353.277 20353.277 224 224 249 249 224 -1" )
	call Preload( "B 1221 -1 -1 -1 -1 2 0 0 8 0" )
	call Preload( "A 1222 20369.941 -1.000 -1.000 20369.941 20369.941 224 224 249 249 224 -1" )
	call Preload( "B 1222 -1 -1 -1 -1 2 0 0 8 0" )
	call Preload( "A 1223 20386.604 -1.000 -1.000 20386.604 20386.604 224 224 249 249 224 -1" )
	call Preload( "B 1223 -1 -1 -1 -1 2 0 0 8 0" )
	call Preload( "A 1224 20403.266 -1.000 -1.000 20403.266 20403.266 224 224 249 249 224 -1" )
	call Preload( "B 1224 -1 -1 -1 -1 2 0 0 8 0" )
	call Preload( "A 1225 20419.928 -1.000 -1.000 20419.928 20419.928 224 224 249 249 224 -1" )
	call Preload( "B 1225 -1 -1 -1 -1 2 0 0 8 0" )
	call Preload( "A 1226 20436.592 -1.000 -1.000 20436.592 20436.592 224 224 249 249 224 -1" )
	call Preload( "B 1226 -1 -1 -1 -1 2 0 0 8 0" )
	call Preload( "A 1227 20453.254 -1.000 -1.000 20453.254 20453.254 224 224 249 249 224 -1" )
	call Preload( "B 1227 -1 -1 -1 -1 2 0 0 8 0" )
	call Preload( "A 1228 20469.916 -1.000 -1.000 20469.916 20469.916 224 224 249 249 224 -1" )
	call Preload( "B 1228 -1 -1 -1 -1 2 0 0 8 0" )
	call Preload( "A 1229 20486.578 -1.000 -1.000 20486.578 20486.578 224 224 249 249 224 -1" )
	call Preload( "B 1229 -1 -1 -1 -1 2 0 0 8 0" )
	call Preload( "A 1230 20503.242 -1.000 -1.000 20503.242 20503.242 224 224 249 249 224 -1" )
	call Preload( "B 1230 -1 -1 -1 -1 2 0 0 8 0" )
	call Preload( "A 1231 20519.904 -1.000 -1.000 20519.904 20519.904 224 224 249 249 224 -1" )
	call Preload( "B 1231 -1 -1 -1 -1 2 0 0 8 0" )
	call Preload( "A 1232 20536.566 -1.000 -1.000 20536.566 20536.566 224 224 249 249 224 -1" )
	call Preload( "B 1232 -1 -1 -1 -1 2 0 0 8 0" )
	call Preload( "A 1233 20553.229 -1.000 -1.000 20553.229 20553.229 224 224 249 249 224 -1" )
	call Preload( "B 1233 -1 -1 -1 -1 2 0 0 8 0" )
	call Preload( "A 1234 20569.893 -1.000 -1.000 20569.893 20569.893 224 224 249 249 224 -1" )
	call Preload( "B 1234 -1 -1 -1 -1 2 0 0 8 0" )
	call Preload( "A 1235 20586.555 -1.000 -1.000 20586.555 20586.555 224 224 249 249 224 -1" )
	call Preload( "B 1235 -1 -1 -1 -1 2 0 0 8 0" )
	call Preload( "A 1236 20603.217 -1.000 -1.000 20603.217 20603.217 224 224 249 249 224 -1" )
	call Preload( "B 1236 -1 -1 -1 -1 2 0 0 8 0" )
	call Preload( "A 1237 20619.879 -1.000 -1.000 20619.879 20619.879 224 224 249 249 224 -1" )
	call Preload( "B 1237 -1 -1 -1 -1 2 0 0 8 0" )
	call Preload( "A 1238 20636.543 -1.000 -1.000 20636.543 20636.543 224 224 249 249 224 -1" )
	call Preload( "B 1238 -1 -1 -1 -1 2 0 0 8 0" )
	call Preload( "A 1239 20653.205 -1.000 -1.000 20653.205 20653.205 224 224 249 249 224 -1" )
	call Preload( "B 1239 -1 -1 -1 -1 2 0 0 8 0" )
	call Preload( "A 1240 20669.867 -1.000 -1.000 20669.867 20669.867 224 224 249 249 224 -1" )
	call Preload( "B 1240 -1 -1 -1 -1 2 0 0 8 0" )
	call Preload( "A 1241 20686.529 -1.000 -1.000 20686.529 20686.529 224 224 249 249 224 -1" )
	call Preload( "B 1241 -1 -1 -1 -1 2 0 0 8 0" )
	call Preload( "A 1242 20703.193 -1.000 -1.000 20703.193 20703.193 224 224 249 249 224 -1" )
	call Preload( "B 1242 -1 -1 -1 -1 2 0 0 8 0" )
	call Preload( "A 1243 20719.855 -1.000 -1.000 20719.855 20719.855 224 224 249 249 224 -1" )
	call Preload( "B 1243 -1 -1 -1 -1 2 0 0 8 0" )
	call Preload( "A 1244 20736.518 -1.000 -1.000 20736.518 20736.518 224 224 249 249 224 -1" )
	call Preload( "B 1244 -1 -1 -1 -1 2 0 0 8 0" )
	call Preload( "A 1245 20753.180 -1.000 -1.000 20753.180 20753.180 224 224 249 249 224 -1" )
	call Preload( "B 1245 -1 -1 -1 -1 2 0 0 8 0" )
	call Preload( "A 1246 20769.844 -1.000 -1.000 20769.844 20769.844 224 224 249 249 224 -1" )
	call Preload( "B 1246 -1 -1 -1 -1 2 0 0 8 0" )
	call Preload( "A 1247 20786.506 -1.000 -1.000 20786.506 20786.506 224 224 249 249 224 -1" )
	call Preload( "B 1247 -1 -1 -1 -1 2 0 0 8 0" )
	call Preload( "A 1248 20803.168 -1.000 -1.000 20803.168 20803.168 224 224 249 249 224 -1" )
	call Preload( "B 1248 -1 -1 -1 -1 2 0 0 8 0" )
	call Preload( "A 1249 20819.830 -1.000 -1.000 20819.830 20819.830 224 224 249 249 224 -1" )
	call Preload( "B 1249 -1 -1 -1 -1 2 0 0 8 0" )
	call Preload( "A 1250 20836.494 -1.000 -1.000 20836.494 20836.494 224 224 249 249 224 -1" )
	call Preload( "B 1250 -1 -1 -1 -1 2 0 0 8 0" )
	call Preload( "A 1251 20853.156 -1.000 -1.000 20853.156 20853.156 224 224 249 249 224 -1" )
	call Preload( "B 1251 -1 -1 -1 -1 2 0 0 8 0" )
	call Preload( "A 1252 20869.818 -1.000 -1.000 20869.818 20869.818 224 224 249 249 224 -1" )
	call Preload( "B 1252 -1 -1 -1 -1 2 0 0 8 0" )
	call Preload( "A 1253 20886.480 -1.000 -1.000 20886.480 20886.480 224 224 249 249 224 -1" )
	call Preload( "B 1253 -1 -1 -1 -1 2 0 0 8 0" )
	call Preload( "A 1254 20903.145 -1.000 -1.000 20903.145 20903.145 224 224 249 249 224 -1" )
	call Preload( "B 1254 -1 -1 -1 -1 2 0 0 8 0" )
	call Preload( "A 1255 20919.807 -1.000 -1.000 20919.807 20919.807 224 224 249 249 224 -1" )
	call Preload( "B 1255 -1 -1 -1 -1 2 0 0 8 0" )
	call Preload( "A 1256 20936.469 -1.000 -1.000 20936.469 20936.469 224 224 249 249 224 -1" )
	call Preload( "B 1256 -1 -1 -1 -1 2 0 0 8 0" )
	call Preload( "A 1257 20953.131 -1.000 -1.000 20953.131 20953.131 224 224 249 249 224 -1" )
	call Preload( "B 1257 -1 -1 -1 -1 2 0 0 8 0" )
	call Preload( "A 1258 20969.795 -1.000 -1.000 20969.795 20969.795 224 224 249 249 224 -1" )
	call Preload( "B 1258 -1 -1 -1 -1 2 0 0 8 0" )
	call Preload( "A 1259 20986.457 -1.000 -1.000 20986.457 20986.457 224 224 249 249 224 -1" )
	call Preload( "B 1259 -1 -1 -1 -1 2 0 0 8 0" )
	call Preload( "A 1260 21003.119 -1.000 -1.000 21003.119 21003.119 224 224 249 249 224 -1" )
	call Preload( "B 1260 -1 -1 -1 -1 2 0 0 8 0" )
	call Preload( "A 1261 21019.781 -1.000 -1.000 21019.781 21019.781 224 224 249 249 224 -1" )
	call Preload( "B 1261 -1 -1 -1 -1 2 0 0 8 0" )
	call Preload( "A 1262 21036.445 -1.000 -1.000 21036.445 21036.445 224 224 249 249 224 -1" )
	call Preload( "B 1262 -1 -1 -1 -1 2 0 0 8 0" )
	call Preload( "A 1263 21053.107 -1.000 -1.000 21053.107 21053.107 224 224 249 249 224 -1" )
	call Preload( "B 1263 -1 -1 -1 -1 2 0 0 8 0" )
	call Preload( "A 1264 21069.770 -1.000 -1.000 21069.770 21069.770 224 224 249 249 224 -1" )
	call Preload( "B 1264 -1 -1 -1 -1 2 0 0 8 0" )
	call Preload( "A 1265 21086.432 -1.000 -1.000 21086.432 21086.432 224 224 249 249 224 -1" )
	call Preload( "B 1265 -1 -1 -1 -1 2 0 0 8 0" )
	call Preload( "A 1266 21103.096 -1.000 -1.000 21103.096 21103.096 224 224 249 249 224 -1" )
	call Preload( "B 1266 -1 -1 -1 -1 2 0 0 8 0" )
	call Preload( "A 1267 21119.758 -1.000 -1.000 21119.758 21119.758 224 224 249 249 224 -1" )
	call Preload( "B 1267 -1 -1 -1 -1 2 0 0 8 0" )
	call Preload( "A 1268 21136.420 -1.000 -1.000 21136.420 21136.420 224 224 249 249 224 -1" )
	call Preload( "B 1268 -1 -1 -1 -1 2 0 0 8 0" )
	call Preload( "A 1269 21153.082 -1.000 -1.000 21153.082 21153.082 224 224 249 249 224 -1" )
	call Preload( "B 1269 -1 -1 -1 -1 2 0 0 8 0" )
	call Preload( "A 1270 21169.746 -1.000 -1.000 21169.746 21169.746 224 224 249 249 224 -1" )
	call Preload( "B 1270 -1 -1 -1 -1 2 0 0 8 0" )
	call Preload( "A 1271 21186.408 -1.000 -1.000 21186.408 21186.408 224 224 249 249 224 -1" )
	call Preload( "B 1271 -1 -1 -1 -1 2 0 0 8 0" )
	call Preload( "A 1272 21203.070 -1.000 -1.000 21203.070 21203.070 224 224 249 249 224 -1" )
	call Preload( "B 1272 -1 -1 -1 -1 2 0 0 8 0" )
	call Preload( "A 1273 21219.732 -1.000 -1.000 21219.732 21219.732 224 224 249 249 224 -1" )
	call Preload( "B 1273 -1 -1 -1 -1 2 0 0 8 0" )
	call Preload( "A 1274 21236.396 -1.000 -1.000 21236.396 21236.396 224 224 249 249 224 -1" )
	call Preload( "B 1274 -1 -1 -1 -1 2 0 0 8 0" )
	call Preload( "A 1275 21253.059 -1.000 -1.000 21253.059 21253.059 224 224 249 249 224 -1" )
	call Preload( "B 1275 -1 -1 -1 -1 2 0 0 8 0" )
	call Preload( "A 1276 21269.721 -1.000 -1.000 21269.721 21269.721 224 224 249 249 224 -1" )
	call Preload( "B 1276 -1 -1 -1 -1 2 0 0 8 0" )
	call Preload( "A 1277 21286.383 -1.000 -1.000 21286.383 21286.383 224 224 249 249 224 -1" )
	call Preload( "B 1277 -1 -1 -1 -1 2 0 0 8 0" )
	call Preload( "A 1278 21303.047 -1.000 -1.000 21303.047 21303.047 224 224 249 249 224 -1" )
	call Preload( "B 1278 -1 -1 -1 -1 2 0 0 8 0" )
	call Preload( "A 1279 21319.709 -1.000 -1.000 21319.709 21319.709 224 224 249 249 224 -1" )
	call Preload( "B 1279 -1 -1 -1 -1 2 0 0 8 0" )
	call Preload( "A 1280 21336.371 -1.000 -1.000 21336.371 21336.371 224 224 249 249 224 -1" )
	call Preload( "B 1280 -1 -1 -1 -1 2 0 0 8 0" )
	call Preload( "A 1281 21353.033 -1.000 -1.000 21353.033 21353.033 224 224 249 249 224 -1" )
	call Preload( "B 1281 -1 -1 -1 -1 2 0 0 8 0" )
	call Preload( "A 1282 21369.697 -1.000 -1.000 21369.697 21369.697 224 224 249 249 224 -1" )
	call Preload( "B 1282 -1 -1 -1 -1 2 0 0 8 0" )
	call Preload( "A 1283 21386.359 -1.000 -1.000 21386.359 21386.359 224 224 249 249 224 -1" )
	call Preload( "B 1283 -1 -1 -1 -1 2 0 0 8 0" )
	call Preload( "A 1284 21403.021 -1.000 -1.000 21403.021 21403.021 224 224 249 249 224 -1" )
	call Preload( "B 1284 -1 -1 -1 -1 2 0 0 8 0" )
	call Preload( "A 1285 21419.684 -1.000 -1.000 21419.684 21419.684 224 224 249 249 224 -1" )
	call Preload( "B 1285 -1 -1 -1 -1 2 0 0 8 0" )
	call Preload( "A 1286 21436.348 -1.000 -1.000 21436.348 21436.348 224 224 249 249 224 -1" )
	call Preload( "B 1286 -1 -1 -1 -1 2 0 0 8 0" )
	call Preload( "A 1287 21453.010 -1.000 -1.000 21453.010 21453.010 224 224 249 249 224 -1" )
	call Preload( "B 1287 -1 -1 -1 -1 2 0 0 8 0" )
	call Preload( "A 1288 21469.672 -1.000 -1.000 21469.672 21469.672 224 224 249 249 224 -1" )
	call Preload( "B 1288 -1 -1 -1 -1 2 0 0 8 0" )
	call Preload( "A 1289 21486.334 -1.000 -1.000 21486.334 21486.334 224 224 249 249 224 -1" )
	call Preload( "B 1289 -1 -1 -1 -1 2 0 0 8 0" )
	call Preload( "A 1290 21502.998 -1.000 -1.000 21502.998 21502.998 224 224 249 249 224 -1" )
	call Preload( "B 1290 -1 -1 -1 -1 2 0 0 8 0" )
	call Preload( "A 1291 21519.660 -1.000 -1.000 21519.660 21519.660 224 224 249 249 224 -1" )
	call Preload( "B 1291 -1 -1 -1 -1 2 0 0 8 0" )
	call Preload( "A 1292 21536.322 -1.000 -1.000 21536.322 21536.322 224 224 249 249 224 -1" )
	call Preload( "B 1292 -1 -1 -1 -1 2 0 0 8 0" )
	call Preload( "A 1293 21552.984 -1.000 -1.000 21552.984 21552.984 224 224 249 249 224 -1" )
	call Preload( "B 1293 -1 -1 -1 -1 2 0 0 8 0" )
	call Preload( "A 1294 21569.648 -1.000 -1.000 21569.648 21569.648 224 224 249 249 224 -1" )
	call Preload( "B 1294 -1 -1 -1 -1 2 0 0 8 0" )
	call Preload( "A 1295 21586.311 -1.000 -1.000 21586.311 21586.311 224 224 249 249 224 -1" )
	call Preload( "B 1295 -1 -1 -1 -1 2 0 0 8 0" )
	call Preload( "A 1296 21602.973 -1.000 -1.000 21602.973 21602.973 224 224 249 249 224 -1" )
	call Preload( "B 1296 -1 -1 -1 -1 2 0 0 8 0" )
	call Preload( "A 1297 21619.635 -1.000 -1.000 21619.635 21619.635 224 224 249 249 224 -1" )
	call Preload( "B 1297 -1 -1 -1 -1 2 0 0 8 0" )
	call Preload( "A 1298 21636.299 -1.000 -1.000 21636.299 21636.299 224 224 249 249 224 -1" )
	call Preload( "B 1298 -1 -1 -1 -1 2 0 0 8 0" )
	call Preload( "A 1299 21652.961 -1.000 -1.000 21652.961 21652.961 224 224 249 249 224 -1" )
	call Preload( "B 1299 -1 -1 -1 -1 2 0 0 8 0" )
	call Preload( "A 1300 21669.623 -1.000 -1.000 21669.623 21669.623 224 224 249 249 224 -1" )
	call Preload( "B 1300 -1 -1 -1 -1 2 0 0 8 0" )
	call Preload( "A 1301 21686.285 -1.000 -1.000 21686.285 21686.285 224 224 249 249 224 -1" )
	call Preload( "B 1301 -1 -1 -1 -1 2 0 0 8 0" )
	call Preload( "A 1302 21702.949 -1.000 -1.000 21702.949 21702.949 224 224 249 249 224 -1" )
	call Preload( "B 1302 -1 -1 -1 -1 2 0 0 8 0" )
	call Preload( "A 1303 21719.611 -1.000 -1.000 21719.611 21719.611 224 224 249 249 224 -1" )
	call Preload( "B 1303 -1 -1 -1 -1 2 0 0 8 0" )
	call Preload( "A 1304 21736.273 -1.000 -1.000 21736.273 21736.273 224 224 249 249 224 -1" )
	call Preload( "B 1304 -1 -1 -1 -1 2 0 0 8 0" )
	call Preload( "A 1305 21752.936 -1.000 -1.000 21752.936 21752.936 224 224 249 249 224 -1" )
	call Preload( "B 1305 -1 -1 -1 -1 2 0 0 8 0" )
	call Preload( "A 1306 21769.600 -1.000 -1.000 21769.600 21769.600 224 224 249 249 224 -1" )
	call Preload( "B 1306 -1 -1 -1 -1 2 0 0 8 0" )
	call Preload( "A 1307 21786.262 -1.000 -1.000 21786.262 21786.262 224 224 249 249 224 -1" )
	call Preload( "B 1307 -1 -1 -1 -1 2 0 0 8 0" )
	call Preload( "A 1308 21802.924 -1.000 -1.000 21802.924 21802.924 224 224 249 249 224 -1" )
	call Preload( "B 1308 -1 -1 -1 -1 2 0 0 8 0" )
	call Preload( "A 1309 21819.586 -1.000 -1.000 21819.586 21819.586 224 224 249 249 224 -1" )
	call Preload( "B 1309 -1 -1 -1 -1 2 0 0 8 0" )
	call Preload( "A 1310 21836.250 -1.000 -1.000 21836.250 21836.250 224 224 249 249 224 -1" )
	call Preload( "B 1310 -1 -1 -1 -1 2 0 0 8 0" )
	call Preload( "A 1311 21852.912 -1.000 -1.000 21852.912 21852.912 224 224 249 249 224 -1" )
	call Preload( "B 1311 -1 -1 -1 -1 2 0 0 8 0" )
	call Preload( "A 1312 21869.574 -1.000 -1.000 21869.574 21869.574 224 224 249 249 224 -1" )
	call Preload( "B 1312 -1 -1 -1 -1 2 0 0 8 0" )
	call Preload( "A 1313 21886.236 -1.000 -1.000 21886.236 21886.236 224 224 249 249 224 -1" )
	call Preload( "B 1313 -1 -1 -1 -1 2 0 0 8 0" )
	call Preload( "A 1314 21902.900 -1.000 -1.000 21902.900 21902.900 224 224 249 249 224 -1" )
	call Preload( "B 1314 -1 -1 -1 -1 2 0 0 8 0" )
	call Preload( "A 1315 21919.563 -1.000 -1.000 21919.563 21919.563 224 224 249 249 224 -1" )
	call Preload( "B 1315 -1 -1 -1 -1 2 0 0 8 0" )
	call Preload( "A 1316 21936.225 -1.000 -1.000 21936.225 21936.225 224 224 249 249 224 -1" )
	call Preload( "B 1316 -1 -1 -1 -1 2 0 0 8 0" )
	call Preload( "A 1317 21952.887 -1.000 -1.000 21952.887 21952.887 224 224 249 249 224 -1" )
	call Preload( "B 1317 -1 -1 -1 -1 2 0 0 8 0" )
	call Preload( "A 1318 21969.551 -1.000 -1.000 21969.551 21969.551 224 224 249 249 224 -1" )
	call Preload( "B 1318 -1 -1 -1 -1 2 0 0 8 0" )
	call Preload( "A 1319 21986.213 -1.000 -1.000 21986.213 21986.213 224 224 249 249 224 -1" )
	call Preload( "B 1319 -1 -1 -1 -1 2 0 0 8 0" )
	call Preload( "A 1320 22002.875 -1.000 -1.000 22002.875 22002.875 224 224 249 249 224 -1" )
	call Preload( "B 1320 -1 -1 -1 -1 2 0 0 8 0" )
	call Preload( "A 1321 22019.537 -1.000 -1.000 22019.537 22019.537 224 224 249 249 224 -1" )
	call Preload( "B 1321 -1 -1 -1 -1 2 0 0 8 0" )
	call Preload( "A 1322 22036.201 -1.000 -1.000 22036.201 22036.201 224 224 249 249 224 -1" )
	call Preload( "B 1322 -1 -1 -1 -1 2 0 0 8 0" )
	call Preload( "A 1323 22052.863 -1.000 -1.000 22052.863 22052.863 224 224 249 249 224 -1" )
	call Preload( "B 1323 -1 -1 -1 -1 2 0 0 8 0" )
	call Preload( "A 1324 22069.525 -1.000 -1.000 22069.525 22069.525 224 224 249 249 224 -1" )
	call Preload( "B 1324 -1 -1 -1 -1 2 0 0 8 0" )
	call Preload( "A 1325 22086.188 -1.000 -1.000 22086.188 22086.188 224 224 249 249 224 -1" )
	call Preload( "B 1325 -1 -1 -1 -1 2 0 0 8 0" )
	call Preload( "A 1326 22102.852 -1.000 -1.000 22102.852 22102.852 224 224 249 249 224 -1" )
	call Preload( "B 1326 -1 -1 -1 -1 2 0 0 8 0" )
	call Preload( "A 1327 22119.514 -1.000 -1.000 22119.514 22119.514 224 224 249 249 224 -1" )
	call Preload( "B 1327 -1 -1 -1 -1 2 0 0 8 0" )
	call Preload( "A 1328 22136.176 -1.000 -1.000 22136.176 22136.176 224 224 249 249 224 -1" )
	call Preload( "B 1328 -1 -1 -1 -1 2 0 0 8 0" )
	call Preload( "A 1329 22152.838 -1.000 -1.000 22152.838 22152.838 224 230 249 250 256 -1" )
	call Preload( "B 1329 -1 -1 -1 -1 2 0 0 8 0" )
	call Preload( "A 1330 22169.502 22169.502 -1.000 22169.502 22169.502 230 236 250 251 256 294" )
	call Preload( "B 1330 0 0 0 -1 2 0 0 8 0" )
	call Preload( "A 1331 22186.164 22186.164 -1.000 22186.164 22186.164 236 242 251 252 256 300" )
	call Preload( "B 1331 0 0 0 -1 2 0 0 8 0" )
	call Preload( "A 1332 22202.826 22202.826 -1.000 22202.826 22202.826 242 248 252 253 256 306" )
	call Preload( "B 1332 0 0 0 -1 2 0 0 8 0" )
	call Preload( "A 1333 22219.488 22219.488 -1.000 22219.488 22219.488 248 252 253 254 256 312" )
	call Preload( "B 1333 0 0 0 -1 2 0 0 8 0" )
	call Preload( "A 1334 22236.152 22236.152 -1.000 22236.152 22236.152 252 253 254 255 256 316" )
	call Preload( "B 1334 0 0 0 -1 2 0 0 8 0" )
	call Preload( "A 1335 22252.814 -1.000 -1.000 22252.814 22252.814 253 254 255 256 256 -1" )
	call Preload( "B 1335 -1 -1 -1 -1 2 0 0 8 0" )
	call Preload( "A 1336 22269.477 22269.477 -1.000 22269.477 22269.477 254 255 256 257 256 318" )
	call Preload( "B 1336 0 0 0 -1 2 0 0 8 0" )
	call Preload( "A 1337 22286.139 -1.000 -1.000 22286.139 22286.139 255 256 257 258 256 -1" )
	call Preload( "B 1337 -1 -1 -1 -1 2 0 0 8 0" )
	call Preload( "A 1338 22302.803 22302.803 -1.000 22302.803 22302.803 256 256 258 259 256 320" )
	call Preload( "B 1338 0 0 0 -1 2 0 0 8 0" )
	call Preload( "A 1339 22319.465 -1.000 -1.000 22319.465 22319.465 256 256 259 260 256 -1" )
	call Preload( "B 1339 -1 -1 -1 -1 2 0 0 8 0" )
	call Preload( "A 1340 22336.127 -1.000 -1.000 22336.127 22336.127 256 256 260 261 256 -1" )
	call Preload( "B 1340 -1 -1 -1 -1 2 0 0 8 0" )
	call Preload( "A 1341 22352.789 -1.000 -1.000 22352.789 22352.789 256 256 261 262 256 -1" )
	call Preload( "B 1341 -1 -1 -1 -1 2 0 0 8 0" )
	call Preload( "A 1342 22369.453 -1.000 -1.000 22369.453 22369.453 256 256 262 263 256 -1" )
	call Preload( "B 1342 -1 -1 -1 -1 2 0 0 8 0" )
	call Preload( "A 1343 22386.115 -1.000 -1.000 22386.115 22386.115 256 256 263 264 256 -1" )
	call Preload( "B 1343 -1 -1 -1 -1 2 0 0 8 0" )
	call Preload( "A 1344 22402.777 -1.000 -1.000 22402.777 22402.777 256 256 264 265 256 -1" )
	call Preload( "B 1344 -1 -1 -1 -1 2 0 0 8 0" )
	call Preload( "A 1345 22419.439 -1.000 -1.000 22419.439 22419.439 256 256 265 266 256 -1" )
	call Preload( "B 1345 -1 -1 -1 -1 2 0 0 8 0" )
	call Preload( "A 1346 22436.104 -1.000 -1.000 22436.104 22436.104 256 256 266 267 256 -1" )
	call Preload( "B 1346 -1 -1 -1 -1 2 0 0 8 0" )
	call Preload( "A 1347 22452.766 -1.000 -1.000 22452.766 22452.766 256 256 267 268 256 -1" )
	call Preload( "B 1347 -1 -1 -1 -1 2 0 0 9 0" )
	call Preload( "A 1348 22469.428 -1.000 -1.000 22469.428 22469.428 256 256 268 269 256 -1" )
	call Preload( "B 1348 -1 -1 -1 -1 2 0 0 9 0" )
	call Preload( "A 1349 22486.090 -1.000 -1.000 22486.090 22486.090 256 256 269 270 256 -1" )
	call Preload( "B 1349 -1 -1 -1 -1 2 0 0 9 0" )
	call PreloadEnd( 0.0 )

endfunction


