function PreloadFiles takes nothing returns nothing

	call PreloadStart()
	call Preload( "RS v=2 build=20261003T221416375056960 local=0 run=1 page=11 rows=2179 mode=clean edge_pairs=0 edge_limit=64 edge_dropped=0" )
	call Preload( "counts poll=416 capture_attempt=0 advance=2179 present=2179" )
	call Preload( "clock=native-game-ms not-host-wall; row=zero-based-service; marker_x=0.04+(row%32)*0.0032 y=0.595-((row/32)%4)*0.01" )
	call Preload( "A row entry_ms poll_ms capture_ms advance_ms present_ms frame_before frame_after F_before F_after K_before target" )
	call Preload( "B row held pressed released capture_result phase confirmed_shield predicted_shield pose_serial correction" )
	call Preload( "A 1650 27501.533 -1.000 -1.000 27501.533 27501.533 288 288 313 313 288 -1" )
	call Preload( "B 1650 -1 -1 -1 -1 2 0 0 11 0" )
	call Preload( "A 1651 27518.195 -1.000 -1.000 27518.195 27518.195 288 288 313 313 288 -1" )
	call Preload( "B 1651 -1 -1 -1 -1 2 0 0 11 0" )
	call Preload( "A 1652 27534.857 -1.000 -1.000 27534.857 27534.857 288 288 313 313 288 -1" )
	call Preload( "B 1652 -1 -1 -1 -1 2 0 0 11 0" )
	call Preload( "A 1653 27551.520 -1.000 -1.000 27551.520 27551.520 288 288 313 313 288 -1" )
	call Preload( "B 1653 -1 -1 -1 -1 2 0 0 11 0" )
	call Preload( "A 1654 27568.184 -1.000 -1.000 27568.184 27568.184 288 288 313 313 288 -1" )
	call Preload( "B 1654 -1 -1 -1 -1 2 0 0 11 0" )
	call Preload( "A 1655 27584.846 -1.000 -1.000 27584.846 27584.846 288 288 313 313 288 -1" )
	call Preload( "B 1655 -1 -1 -1 -1 2 0 0 11 0" )
	call Preload( "A 1656 27601.508 -1.000 -1.000 27601.508 27601.508 288 288 313 313 288 -1" )
	call Preload( "B 1656 -1 -1 -1 -1 2 0 0 11 0" )
	call Preload( "A 1657 27618.170 -1.000 -1.000 27618.170 27618.170 288 288 313 313 288 -1" )
	call Preload( "B 1657 -1 -1 -1 -1 2 0 0 11 0" )
	call Preload( "A 1658 27634.834 -1.000 -1.000 27634.834 27634.834 288 288 313 313 288 -1" )
	call Preload( "B 1658 -1 -1 -1 -1 2 0 0 11 0" )
	call Preload( "A 1659 27651.496 -1.000 -1.000 27651.496 27651.496 288 288 313 313 288 -1" )
	call Preload( "B 1659 -1 -1 -1 -1 2 0 0 11 0" )
	call Preload( "A 1660 27668.158 -1.000 -1.000 27668.158 27668.158 288 288 313 313 288 -1" )
	call Preload( "B 1660 -1 -1 -1 -1 2 0 0 11 0" )
	call Preload( "A 1661 27684.820 -1.000 -1.000 27684.820 27684.820 288 288 313 313 288 -1" )
	call Preload( "B 1661 -1 -1 -1 -1 2 0 0 11 0" )
	call Preload( "A 1662 27701.484 -1.000 -1.000 27701.484 27701.484 288 288 313 313 288 -1" )
	call Preload( "B 1662 -1 -1 -1 -1 2 0 0 11 0" )
	call Preload( "A 1663 27718.146 -1.000 -1.000 27718.146 27718.146 288 288 313 313 288 -1" )
	call Preload( "B 1663 -1 -1 -1 -1 2 0 0 11 0" )
	call Preload( "A 1664 27734.809 -1.000 -1.000 27734.809 27734.809 288 288 313 313 288 -1" )
	call Preload( "B 1664 -1 -1 -1 -1 2 0 0 11 0" )
	call Preload( "A 1665 27751.471 -1.000 -1.000 27751.471 27751.471 288 288 313 313 288 -1" )
	call Preload( "B 1665 -1 -1 -1 -1 2 0 0 11 0" )
	call Preload( "A 1666 27768.135 -1.000 -1.000 27768.135 27768.135 288 288 313 313 288 -1" )
	call Preload( "B 1666 -1 -1 -1 -1 2 0 0 11 0" )
	call Preload( "A 1667 27784.797 -1.000 -1.000 27784.797 27784.797 288 288 313 313 288 -1" )
	call Preload( "B 1667 -1 -1 -1 -1 2 0 0 11 0" )
	call Preload( "A 1668 27801.459 -1.000 -1.000 27801.459 27801.459 288 288 313 313 288 -1" )
	call Preload( "B 1668 -1 -1 -1 -1 2 0 0 11 0" )
	call Preload( "A 1669 27818.121 -1.000 -1.000 27818.121 27818.121 288 288 313 313 288 -1" )
	call Preload( "B 1669 -1 -1 -1 -1 2 0 0 11 0" )
	call Preload( "A 1670 27834.785 -1.000 -1.000 27834.785 27834.785 288 288 313 313 288 -1" )
	call Preload( "B 1670 -1 -1 -1 -1 2 0 0 11 0" )
	call Preload( "A 1671 27851.447 -1.000 -1.000 27851.447 27851.447 288 288 313 313 288 -1" )
	call Preload( "B 1671 -1 -1 -1 -1 2 0 0 11 0" )
	call Preload( "A 1672 27868.109 -1.000 -1.000 27868.109 27868.109 288 288 313 313 288 -1" )
	call Preload( "B 1672 -1 -1 -1 -1 2 0 0 11 0" )
	call Preload( "A 1673 27884.771 -1.000 -1.000 27884.771 27884.771 288 288 313 313 288 -1" )
	call Preload( "B 1673 -1 -1 -1 -1 2 0 0 11 0" )
	call Preload( "A 1674 27901.436 -1.000 -1.000 27901.436 27901.436 288 288 313 313 288 -1" )
	call Preload( "B 1674 -1 -1 -1 -1 2 0 0 11 0" )
	call Preload( "A 1675 27918.098 -1.000 -1.000 27918.098 27918.098 288 288 313 313 288 -1" )
	call Preload( "B 1675 -1 -1 -1 -1 2 0 0 11 0" )
	call Preload( "A 1676 27934.760 -1.000 -1.000 27934.760 27934.760 288 288 313 313 288 -1" )
	call Preload( "B 1676 -1 -1 -1 -1 2 0 0 11 0" )
	call Preload( "A 1677 27951.422 -1.000 -1.000 27951.422 27951.422 288 288 313 313 288 -1" )
	call Preload( "B 1677 -1 -1 -1 -1 2 0 0 11 0" )
	call Preload( "A 1678 27968.086 -1.000 -1.000 27968.086 27968.086 288 288 313 313 288 -1" )
	call Preload( "B 1678 -1 -1 -1 -1 2 0 0 11 0" )
	call Preload( "A 1679 27984.748 -1.000 -1.000 27984.748 27984.748 288 288 313 313 288 -1" )
	call Preload( "B 1679 -1 -1 -1 -1 2 0 0 11 0" )
	call Preload( "A 1680 28001.410 -1.000 -1.000 28001.410 28001.410 288 288 313 313 288 -1" )
	call Preload( "B 1680 -1 -1 -1 -1 2 0 0 11 0" )
	call Preload( "A 1681 28018.072 -1.000 -1.000 28018.072 28018.072 288 288 313 313 288 -1" )
	call Preload( "B 1681 -1 -1 -1 -1 2 0 0 11 0" )
	call Preload( "A 1682 28034.736 -1.000 -1.000 28034.736 28034.736 288 288 313 313 288 -1" )
	call Preload( "B 1682 -1 -1 -1 -1 2 0 0 11 0" )
	call Preload( "A 1683 28051.398 -1.000 -1.000 28051.398 28051.398 288 288 313 313 288 -1" )
	call Preload( "B 1683 -1 -1 -1 -1 2 0 0 11 0" )
	call Preload( "A 1684 28068.061 -1.000 -1.000 28068.061 28068.061 288 288 313 313 288 -1" )
	call Preload( "B 1684 -1 -1 -1 -1 2 0 0 11 0" )
	call Preload( "A 1685 28084.723 -1.000 -1.000 28084.723 28084.723 288 288 313 313 288 -1" )
	call Preload( "B 1685 -1 -1 -1 -1 2 0 0 11 0" )
	call Preload( "A 1686 28101.387 -1.000 -1.000 28101.387 28101.387 288 288 313 313 288 -1" )
	call Preload( "B 1686 -1 -1 -1 -1 2 0 0 11 0" )
	call Preload( "A 1687 28118.049 -1.000 -1.000 28118.049 28118.049 288 288 313 313 288 -1" )
	call Preload( "B 1687 -1 -1 -1 -1 2 0 0 11 0" )
	call Preload( "A 1688 28134.711 -1.000 -1.000 28134.711 28134.711 288 288 313 313 288 -1" )
	call Preload( "B 1688 -1 -1 -1 -1 2 0 0 11 0" )
	call Preload( "A 1689 28151.373 -1.000 -1.000 28151.373 28151.373 288 288 313 313 288 -1" )
	call Preload( "B 1689 -1 -1 -1 -1 2 0 0 11 0" )
	call Preload( "A 1690 28168.037 -1.000 -1.000 28168.037 28168.037 288 288 313 313 288 -1" )
	call Preload( "B 1690 -1 -1 -1 -1 2 0 0 11 0" )
	call Preload( "A 1691 28184.699 -1.000 -1.000 28184.699 28184.699 288 288 313 313 288 -1" )
	call Preload( "B 1691 -1 -1 -1 -1 2 0 0 11 0" )
	call Preload( "A 1692 28201.361 -1.000 -1.000 28201.361 28201.361 288 288 313 313 288 -1" )
	call Preload( "B 1692 -1 -1 -1 -1 2 0 0 11 0" )
	call Preload( "A 1693 28218.023 -1.000 -1.000 28218.023 28218.023 288 288 313 313 288 -1" )
	call Preload( "B 1693 -1 -1 -1 -1 2 0 0 11 0" )
	call Preload( "A 1694 28234.688 -1.000 -1.000 28234.688 28234.688 288 288 313 313 288 -1" )
	call Preload( "B 1694 -1 -1 -1 -1 2 0 0 11 0" )
	call Preload( "A 1695 28251.350 -1.000 -1.000 28251.350 28251.350 288 288 313 313 288 -1" )
	call Preload( "B 1695 -1 -1 -1 -1 2 0 0 11 0" )
	call Preload( "A 1696 28268.012 -1.000 -1.000 28268.012 28268.012 288 288 313 313 288 -1" )
	call Preload( "B 1696 -1 -1 -1 -1 2 0 0 11 0" )
	call Preload( "A 1697 28284.674 -1.000 -1.000 28284.674 28284.674 288 288 313 313 288 -1" )
	call Preload( "B 1697 -1 -1 -1 -1 2 0 0 11 0" )
	call Preload( "A 1698 28301.338 -1.000 -1.000 28301.338 28301.338 288 288 313 313 288 -1" )
	call Preload( "B 1698 -1 -1 -1 -1 2 0 0 11 0" )
	call Preload( "A 1699 28318.000 -1.000 -1.000 28318.000 28318.000 288 288 313 313 288 -1" )
	call Preload( "B 1699 -1 -1 -1 -1 2 0 0 11 0" )
	call Preload( "A 1700 28334.662 -1.000 -1.000 28334.662 28334.662 288 288 313 313 288 -1" )
	call Preload( "B 1700 -1 -1 -1 -1 2 0 0 11 0" )
	call Preload( "A 1701 28351.324 -1.000 -1.000 28351.324 28351.324 288 288 313 313 288 -1" )
	call Preload( "B 1701 -1 -1 -1 -1 2 0 0 11 0" )
	call Preload( "A 1702 28367.988 -1.000 -1.000 28367.988 28367.988 288 288 313 313 288 -1" )
	call Preload( "B 1702 -1 -1 -1 -1 2 0 0 11 0" )
	call Preload( "A 1703 28384.650 -1.000 -1.000 28384.650 28384.650 288 288 313 313 288 -1" )
	call Preload( "B 1703 -1 -1 -1 -1 2 0 0 11 0" )
	call Preload( "A 1704 28401.313 -1.000 -1.000 28401.313 28401.313 288 288 313 313 288 -1" )
	call Preload( "B 1704 -1 -1 -1 -1 2 0 0 11 0" )
	call Preload( "A 1705 28417.975 -1.000 -1.000 28417.975 28417.975 288 288 313 313 288 -1" )
	call Preload( "B 1705 -1 -1 -1 -1 2 0 0 11 0" )
	call Preload( "A 1706 28434.639 -1.000 -1.000 28434.639 28434.639 288 288 313 313 288 -1" )
	call Preload( "B 1706 -1 -1 -1 -1 2 0 0 11 0" )
	call Preload( "A 1707 28451.301 -1.000 -1.000 28451.301 28451.301 288 288 313 313 288 -1" )
	call Preload( "B 1707 -1 -1 -1 -1 2 0 0 11 0" )
	call Preload( "A 1708 28467.963 -1.000 -1.000 28467.963 28467.963 288 288 313 313 288 -1" )
	call Preload( "B 1708 -1 -1 -1 -1 2 0 0 11 0" )
	call Preload( "A 1709 28484.625 -1.000 -1.000 28484.625 28484.625 288 288 313 313 288 -1" )
	call Preload( "B 1709 -1 -1 -1 -1 2 0 0 11 0" )
	call Preload( "A 1710 28501.289 -1.000 -1.000 28501.289 28501.289 288 288 313 313 288 -1" )
	call Preload( "B 1710 -1 -1 -1 -1 2 0 0 11 0" )
	call Preload( "A 1711 28517.951 -1.000 -1.000 28517.951 28517.951 288 288 313 313 288 -1" )
	call Preload( "B 1711 -1 -1 -1 -1 2 0 0 11 0" )
	call Preload( "A 1712 28534.613 -1.000 -1.000 28534.613 28534.613 288 288 313 313 288 -1" )
	call Preload( "B 1712 -1 -1 -1 -1 2 0 0 11 0" )
	call Preload( "A 1713 28551.275 -1.000 -1.000 28551.275 28551.275 288 288 313 313 288 -1" )
	call Preload( "B 1713 -1 -1 -1 -1 2 0 0 11 0" )
	call Preload( "A 1714 28567.939 -1.000 -1.000 28567.939 28567.939 288 288 313 313 288 -1" )
	call Preload( "B 1714 -1 -1 -1 -1 2 0 0 11 0" )
	call Preload( "A 1715 28584.602 -1.000 -1.000 28584.602 28584.602 288 288 313 313 288 -1" )
	call Preload( "B 1715 -1 -1 -1 -1 2 0 0 11 0" )
	call Preload( "A 1716 28601.264 -1.000 -1.000 28601.264 28601.264 288 288 313 313 288 -1" )
	call Preload( "B 1716 -1 -1 -1 -1 2 0 0 11 0" )
	call Preload( "A 1717 28617.926 -1.000 -1.000 28617.926 28617.926 288 288 313 313 288 -1" )
	call Preload( "B 1717 -1 -1 -1 -1 2 0 0 11 0" )
	call Preload( "A 1718 28634.590 -1.000 -1.000 28634.590 28634.590 288 288 313 313 288 -1" )
	call Preload( "B 1718 -1 -1 -1 -1 2 0 0 11 0" )
	call Preload( "A 1719 28651.252 -1.000 -1.000 28651.252 28651.252 288 288 313 313 288 -1" )
	call Preload( "B 1719 -1 -1 -1 -1 2 0 0 11 0" )
	call Preload( "A 1720 28667.914 -1.000 -1.000 28667.914 28667.914 288 288 313 313 288 -1" )
	call Preload( "B 1720 -1 -1 -1 -1 2 0 0 11 0" )
	call Preload( "A 1721 28684.576 -1.000 -1.000 28684.576 28684.576 288 288 313 313 288 -1" )
	call Preload( "B 1721 -1 -1 -1 -1 2 0 0 11 0" )
	call Preload( "A 1722 28701.240 -1.000 -1.000 28701.240 28701.240 288 288 313 313 288 -1" )
	call Preload( "B 1722 -1 -1 -1 -1 2 0 0 11 0" )
	call Preload( "A 1723 28717.902 -1.000 -1.000 28717.902 28717.902 288 288 313 313 288 -1" )
	call Preload( "B 1723 -1 -1 -1 -1 2 0 0 11 0" )
	call Preload( "A 1724 28734.564 -1.000 -1.000 28734.564 28734.564 288 288 313 313 288 -1" )
	call Preload( "B 1724 -1 -1 -1 -1 2 0 0 11 0" )
	call Preload( "A 1725 28751.227 -1.000 -1.000 28751.227 28751.227 288 288 313 313 288 -1" )
	call Preload( "B 1725 -1 -1 -1 -1 2 0 0 11 0" )
	call Preload( "A 1726 28767.891 -1.000 -1.000 28767.891 28767.891 288 288 313 313 288 -1" )
	call Preload( "B 1726 -1 -1 -1 -1 2 0 0 11 0" )
	call Preload( "A 1727 28784.553 -1.000 -1.000 28784.553 28784.553 288 288 313 313 288 -1" )
	call Preload( "B 1727 -1 -1 -1 -1 2 0 0 11 0" )
	call Preload( "A 1728 28801.215 -1.000 -1.000 28801.215 28801.215 288 288 313 313 288 -1" )
	call Preload( "B 1728 -1 -1 -1 -1 2 0 0 11 0" )
	call Preload( "A 1729 28817.877 -1.000 -1.000 28817.877 28817.877 288 288 313 313 288 -1" )
	call Preload( "B 1729 -1 -1 -1 -1 2 0 0 11 0" )
	call Preload( "A 1730 28834.541 -1.000 -1.000 28834.541 28834.541 288 288 313 313 288 -1" )
	call Preload( "B 1730 -1 -1 -1 -1 2 0 0 11 0" )
	call Preload( "A 1731 28851.203 -1.000 -1.000 28851.203 28851.203 288 288 313 313 288 -1" )
	call Preload( "B 1731 -1 -1 -1 -1 2 0 0 11 0" )
	call Preload( "A 1732 28867.865 -1.000 -1.000 28867.865 28867.865 288 288 313 313 288 -1" )
	call Preload( "B 1732 -1 -1 -1 -1 2 0 0 11 0" )
	call Preload( "A 1733 28884.527 -1.000 -1.000 28884.527 28884.527 288 288 313 313 288 -1" )
	call Preload( "B 1733 -1 -1 -1 -1 2 0 0 11 0" )
	call Preload( "A 1734 28901.191 -1.000 -1.000 28901.191 28901.191 288 288 313 313 288 -1" )
	call Preload( "B 1734 -1 -1 -1 -1 2 0 0 11 0" )
	call Preload( "A 1735 28917.854 -1.000 -1.000 28917.854 28917.854 288 288 313 313 288 -1" )
	call Preload( "B 1735 -1 -1 -1 -1 2 0 0 11 0" )
	call Preload( "A 1736 28934.516 -1.000 -1.000 28934.516 28934.516 288 288 313 313 288 -1" )
	call Preload( "B 1736 -1 -1 -1 -1 2 0 0 11 0" )
	call Preload( "A 1737 28951.178 -1.000 -1.000 28951.178 28951.178 288 288 313 313 288 -1" )
	call Preload( "B 1737 -1 -1 -1 -1 2 0 0 11 0" )
	call Preload( "A 1738 28967.842 -1.000 -1.000 28967.842 28967.842 288 288 313 313 288 -1" )
	call Preload( "B 1738 -1 -1 -1 -1 2 0 0 11 0" )
	call Preload( "A 1739 28984.504 -1.000 -1.000 28984.504 28984.504 288 288 313 313 288 -1" )
	call Preload( "B 1739 -1 -1 -1 -1 2 0 0 11 0" )
	call Preload( "A 1740 29001.166 -1.000 -1.000 29001.166 29001.166 288 288 313 313 288 -1" )
	call Preload( "B 1740 -1 -1 -1 -1 2 0 0 11 0" )
	call Preload( "A 1741 29017.828 -1.000 -1.000 29017.828 29017.828 288 288 313 313 288 -1" )
	call Preload( "B 1741 -1 -1 -1 -1 2 0 0 11 0" )
	call Preload( "A 1742 29034.492 -1.000 -1.000 29034.492 29034.492 288 288 313 313 288 -1" )
	call Preload( "B 1742 -1 -1 -1 -1 2 0 0 11 0" )
	call Preload( "A 1743 29051.154 -1.000 -1.000 29051.154 29051.154 288 288 313 313 288 -1" )
	call Preload( "B 1743 -1 -1 -1 -1 2 0 0 11 0" )
	call Preload( "A 1744 29067.816 -1.000 -1.000 29067.816 29067.816 288 288 313 313 288 -1" )
	call Preload( "B 1744 -1 -1 -1 -1 2 0 0 11 0" )
	call Preload( "A 1745 29084.479 -1.000 -1.000 29084.479 29084.479 288 288 313 313 288 -1" )
	call Preload( "B 1745 -1 -1 -1 -1 2 0 0 11 0" )
	call Preload( "A 1746 29101.143 -1.000 -1.000 29101.143 29101.143 288 288 313 313 288 -1" )
	call Preload( "B 1746 -1 -1 -1 -1 2 0 0 11 0" )
	call Preload( "A 1747 29117.805 -1.000 -1.000 29117.805 29117.805 288 288 313 313 288 -1" )
	call Preload( "B 1747 -1 -1 -1 -1 2 0 0 11 0" )
	call Preload( "A 1748 29134.467 -1.000 -1.000 29134.467 29134.467 288 288 313 313 288 -1" )
	call Preload( "B 1748 -1 -1 -1 -1 2 0 0 11 0" )
	call Preload( "A 1749 29151.129 -1.000 -1.000 29151.129 29151.129 288 288 313 313 288 -1" )
	call Preload( "B 1749 -1 -1 -1 -1 2 0 0 11 0" )
	call Preload( "A 1750 29167.793 -1.000 -1.000 29167.793 29167.793 288 288 313 313 288 -1" )
	call Preload( "B 1750 -1 -1 -1 -1 2 0 0 11 0" )
	call Preload( "A 1751 29184.455 -1.000 -1.000 29184.455 29184.455 288 288 313 313 288 -1" )
	call Preload( "B 1751 -1 -1 -1 -1 2 0 0 11 0" )
	call Preload( "A 1752 29201.117 -1.000 -1.000 29201.117 29201.117 288 288 313 313 288 -1" )
	call Preload( "B 1752 -1 -1 -1 -1 2 0 0 11 0" )
	call Preload( "A 1753 29217.779 -1.000 -1.000 29217.779 29217.779 288 288 313 313 288 -1" )
	call Preload( "B 1753 -1 -1 -1 -1 2 0 0 11 0" )
	call Preload( "A 1754 29234.443 -1.000 -1.000 29234.443 29234.443 288 288 313 313 288 -1" )
	call Preload( "B 1754 -1 -1 -1 -1 2 0 0 11 0" )
	call Preload( "A 1755 29251.105 -1.000 -1.000 29251.105 29251.105 288 288 313 313 288 -1" )
	call Preload( "B 1755 -1 -1 -1 -1 2 0 0 11 0" )
	call Preload( "A 1756 29267.768 -1.000 -1.000 29267.768 29267.768 288 288 313 313 288 -1" )
	call Preload( "B 1756 -1 -1 -1 -1 2 0 0 11 0" )
	call Preload( "A 1757 29284.430 -1.000 -1.000 29284.430 29284.430 288 288 313 313 288 -1" )
	call Preload( "B 1757 -1 -1 -1 -1 2 0 0 11 0" )
	call Preload( "A 1758 29301.094 -1.000 -1.000 29301.094 29301.094 288 288 313 313 288 -1" )
	call Preload( "B 1758 -1 -1 -1 -1 2 0 0 11 0" )
	call Preload( "A 1759 29317.756 -1.000 -1.000 29317.756 29317.756 288 294 313 314 320 -1" )
	call Preload( "B 1759 -1 -1 -1 -1 2 0 0 11 301" )
	call Preload( "A 1760 29334.418 29334.418 -1.000 29334.418 29334.418 294 300 314 315 320 358" )
	call Preload( "B 1760 0 0 0 -1 2 0 0 11 0" )
	call Preload( "A 1761 29351.080 29351.080 -1.000 29351.080 29351.080 300 306 315 316 320 364" )
	call Preload( "B 1761 0 0 0 -1 2 0 0 11 0" )
	call Preload( "A 1762 29367.744 29367.744 -1.000 29367.744 29367.744 306 312 316 317 320 370" )
	call Preload( "B 1762 0 0 0 -1 2 0 0 11 0" )
	call Preload( "A 1763 29384.406 29384.406 -1.000 29384.406 29384.406 312 316 317 318 320 376" )
	call Preload( "B 1763 0 0 0 -1 2 0 0 11 0" )
	call Preload( "A 1764 29401.068 29401.068 -1.000 29401.068 29401.068 316 317 318 319 320 380" )
	call Preload( "B 1764 0 0 0 -1 2 0 0 11 0" )
	call Preload( "A 1765 29417.730 -1.000 -1.000 29417.730 29417.730 317 318 319 320 320 -1" )
	call Preload( "B 1765 -1 -1 -1 -1 2 0 0 11 0" )
	call Preload( "A 1766 29434.395 29434.395 -1.000 29434.395 29434.395 318 319 320 321 320 382" )
	call Preload( "B 1766 0 0 0 -1 2 0 0 11 0" )
	call Preload( "A 1767 29451.057 -1.000 -1.000 29451.057 29451.057 319 320 321 322 320 -1" )
	call Preload( "B 1767 -1 -1 -1 -1 2 0 0 11 0" )
	call Preload( "A 1768 29467.719 29467.719 -1.000 29467.719 29467.719 320 320 322 323 320 384" )
	call Preload( "B 1768 0 0 0 -1 2 0 0 11 0" )
	call Preload( "A 1769 29484.381 -1.000 -1.000 29484.381 29484.381 320 320 323 324 320 -1" )
	call Preload( "B 1769 -1 -1 -1 -1 2 0 0 11 0" )
	call Preload( "A 1770 29501.045 -1.000 -1.000 29501.045 29501.045 320 320 324 325 320 -1" )
	call Preload( "B 1770 -1 -1 -1 -1 2 0 0 11 0" )
	call Preload( "A 1771 29517.707 -1.000 -1.000 29517.707 29517.707 320 320 325 326 320 -1" )
	call Preload( "B 1771 -1 -1 -1 -1 2 0 0 11 0" )
	call Preload( "A 1772 29534.369 -1.000 -1.000 29534.369 29534.369 320 320 326 327 320 -1" )
	call Preload( "B 1772 -1 -1 -1 -1 2 0 0 11 0" )
	call Preload( "A 1773 29551.031 -1.000 -1.000 29551.031 29551.031 320 320 327 328 320 -1" )
	call Preload( "B 1773 -1 -1 -1 -1 2 0 0 11 0" )
	call Preload( "A 1774 29567.695 -1.000 -1.000 29567.695 29567.695 320 320 328 329 320 -1" )
	call Preload( "B 1774 -1 -1 -1 -1 2 0 0 11 0" )
	call Preload( "A 1775 29584.357 -1.000 -1.000 29584.357 29584.357 320 320 329 330 320 -1" )
	call Preload( "B 1775 -1 -1 -1 -1 2 0 0 11 0" )
	call Preload( "A 1776 29601.020 -1.000 -1.000 29601.020 29601.020 320 320 330 331 320 -1" )
	call Preload( "B 1776 -1 -1 -1 -1 2 0 0 11 0" )
	call Preload( "A 1777 29617.682 -1.000 -1.000 29617.682 29617.682 320 320 331 332 320 -1" )
	call Preload( "B 1777 -1 -1 -1 -1 2 0 0 11 0" )
	call Preload( "A 1778 29634.346 -1.000 -1.000 29634.346 29634.346 320 320 332 333 320 -1" )
	call Preload( "B 1778 -1 -1 -1 -1 2 0 0 11 0" )
	call Preload( "A 1779 29651.008 -1.000 -1.000 29651.008 29651.008 320 320 333 334 320 -1" )
	call Preload( "B 1779 -1 -1 -1 -1 2 0 0 11 0" )
	call Preload( "A 1780 29667.670 -1.000 -1.000 29667.670 29667.670 320 320 334 335 320 -1" )
	call Preload( "B 1780 -1 -1 -1 -1 2 0 0 11 0" )
	call Preload( "A 1781 29684.332 -1.000 -1.000 29684.332 29684.332 320 320 335 336 320 -1" )
	call Preload( "B 1781 -1 -1 -1 -1 2 0 0 11 0" )
	call Preload( "A 1782 29700.996 -1.000 -1.000 29700.996 29700.996 320 320 336 337 320 -1" )
	call Preload( "B 1782 -1 -1 -1 -1 2 0 0 11 0" )
	call Preload( "A 1783 29717.658 -1.000 -1.000 29717.658 29717.658 320 320 337 338 320 -1" )
	call Preload( "B 1783 -1 -1 -1 -1 2 0 0 11 0" )
	call Preload( "A 1784 29734.320 -1.000 -1.000 29734.320 29734.320 320 320 338 339 320 -1" )
	call Preload( "B 1784 -1 -1 -1 -1 2 0 0 11 0" )
	call Preload( "A 1785 29750.982 -1.000 -1.000 29750.982 29750.982 320 320 339 340 320 -1" )
	call Preload( "B 1785 -1 -1 -1 -1 2 0 0 11 0" )
	call Preload( "A 1786 29767.646 -1.000 -1.000 29767.646 29767.646 320 320 340 341 320 -1" )
	call Preload( "B 1786 -1 -1 -1 -1 2 0 0 11 0" )
	call Preload( "A 1787 29784.309 -1.000 -1.000 29784.309 29784.309 320 320 341 342 320 -1" )
	call Preload( "B 1787 -1 -1 -1 -1 2 0 0 11 0" )
	call Preload( "A 1788 29800.971 -1.000 -1.000 29800.971 29800.971 320 320 342 343 320 -1" )
	call Preload( "B 1788 -1 -1 -1 -1 2 0 0 11 0" )
	call Preload( "A 1789 29817.633 -1.000 -1.000 29817.633 29817.633 320 320 343 344 320 -1" )
	call Preload( "B 1789 -1 -1 -1 -1 2 0 0 11 0" )
	call Preload( "A 1790 29834.297 -1.000 -1.000 29834.297 29834.297 320 320 344 345 320 -1" )
	call Preload( "B 1790 -1 -1 -1 -1 2 0 0 11 0" )
	call Preload( "A 1791 29850.959 -1.000 -1.000 29850.959 29850.959 320 320 345 345 320 -1" )
	call Preload( "B 1791 -1 -1 -1 -1 2 0 0 11 0" )
	call Preload( "A 1792 29867.621 -1.000 -1.000 29867.621 29867.621 320 320 345 345 320 -1" )
	call Preload( "B 1792 -1 -1 -1 -1 2 0 0 11 0" )
	call Preload( "A 1793 29884.283 -1.000 -1.000 29884.283 29884.283 320 320 345 345 320 -1" )
	call Preload( "B 1793 -1 -1 -1 -1 2 0 0 11 0" )
	call Preload( "A 1794 29900.947 -1.000 -1.000 29900.947 29900.947 320 320 345 345 320 -1" )
	call Preload( "B 1794 -1 -1 -1 -1 2 0 0 11 0" )
	call Preload( "A 1795 29917.609 -1.000 -1.000 29917.609 29917.609 320 320 345 345 320 -1" )
	call Preload( "B 1795 -1 -1 -1 -1 2 0 0 11 0" )
	call Preload( "A 1796 29934.271 -1.000 -1.000 29934.271 29934.271 320 320 345 345 320 -1" )
	call Preload( "B 1796 -1 -1 -1 -1 2 0 0 11 0" )
	call Preload( "A 1797 29950.934 -1.000 -1.000 29950.934 29950.934 320 320 345 345 320 -1" )
	call Preload( "B 1797 -1 -1 -1 -1 2 0 0 11 0" )
	call Preload( "A 1798 29967.598 -1.000 -1.000 29967.598 29967.598 320 320 345 345 320 -1" )
	call Preload( "B 1798 -1 -1 -1 -1 2 0 0 11 0" )
	call Preload( "A 1799 29984.260 -1.000 -1.000 29984.260 29984.260 320 320 345 345 320 -1" )
	call Preload( "B 1799 -1 -1 -1 -1 2 0 0 11 0" )
	call PreloadEnd( 0.0 )

endfunction


