function PreloadFiles takes nothing returns nothing

	call PreloadStart()
	call Preload( "RS v=2 build=20261003T221416375056960 local=0 run=1 page=4 rows=2179 mode=clean edge_pairs=0 edge_limit=64 edge_dropped=0" )
	call Preload( "counts poll=416 capture_attempt=0 advance=2179 present=2179" )
	call Preload( "clock=native-game-ms not-host-wall; row=zero-based-service; marker_x=0.04+(row%32)*0.0032 y=0.595-((row/32)%4)*0.01" )
	call Preload( "A row entry_ms poll_ms capture_ms advance_ms present_ms frame_before frame_after F_before F_after K_before target" )
	call Preload( "B row held pressed released capture_result phase confirmed_shield predicted_shield pose_serial correction" )
	call Preload( "A 600 10005.806 -1.000 -1.000 10005.806 10005.806 128 128 153 153 128 -1" )
	call Preload( "B 600 -1 -1 -1 -1 2 0 0 3 0" )
	call Preload( "A 601 10022.468 -1.000 -1.000 10022.468 10022.468 128 128 153 153 128 -1" )
	call Preload( "B 601 -1 -1 -1 -1 2 0 0 3 0" )
	call Preload( "A 602 10039.131 -1.000 -1.000 10039.131 10039.131 128 128 153 153 128 -1" )
	call Preload( "B 602 -1 -1 -1 -1 2 0 0 3 0" )
	call Preload( "A 603 10055.793 -1.000 -1.000 10055.793 10055.793 128 128 153 153 128 -1" )
	call Preload( "B 603 -1 -1 -1 -1 2 0 0 3 0" )
	call Preload( "A 604 10072.456 -1.000 -1.000 10072.456 10072.456 128 128 153 153 128 -1" )
	call Preload( "B 604 -1 -1 -1 -1 2 0 0 3 0" )
	call Preload( "A 605 10089.118 -1.000 -1.000 10089.118 10089.118 128 128 153 153 128 -1" )
	call Preload( "B 605 -1 -1 -1 -1 2 0 0 3 0" )
	call Preload( "A 606 10105.781 -1.000 -1.000 10105.781 10105.781 128 128 153 153 128 -1" )
	call Preload( "B 606 -1 -1 -1 -1 2 0 0 3 0" )
	call Preload( "A 607 10122.443 -1.000 -1.000 10122.443 10122.443 128 128 153 153 128 -1" )
	call Preload( "B 607 -1 -1 -1 -1 2 0 0 3 0" )
	call Preload( "A 608 10139.106 -1.000 -1.000 10139.106 10139.106 128 128 153 153 128 -1" )
	call Preload( "B 608 -1 -1 -1 -1 2 0 0 3 0" )
	call Preload( "A 609 10155.769 -1.000 -1.000 10155.769 10155.769 128 128 153 153 128 -1" )
	call Preload( "B 609 -1 -1 -1 -1 2 0 0 3 0" )
	call Preload( "A 610 10172.432 -1.000 -1.000 10172.432 10172.432 128 128 153 153 128 -1" )
	call Preload( "B 610 -1 -1 -1 -1 2 0 0 3 0" )
	call Preload( "A 611 10189.094 -1.000 -1.000 10189.094 10189.094 128 128 153 153 128 -1" )
	call Preload( "B 611 -1 -1 -1 -1 2 0 0 3 0" )
	call Preload( "A 612 10205.757 -1.000 -1.000 10205.757 10205.757 128 128 153 153 128 -1" )
	call Preload( "B 612 -1 -1 -1 -1 2 0 0 3 0" )
	call Preload( "A 613 10222.419 -1.000 -1.000 10222.419 10222.419 128 128 153 153 128 -1" )
	call Preload( "B 613 -1 -1 -1 -1 2 0 0 3 0" )
	call Preload( "A 614 10239.082 -1.000 -1.000 10239.082 10239.082 128 128 153 153 128 -1" )
	call Preload( "B 614 -1 -1 -1 -1 2 0 0 3 0" )
	call Preload( "A 615 10255.744 -1.000 -1.000 10255.744 10255.744 128 128 153 153 128 -1" )
	call Preload( "B 615 -1 -1 -1 -1 2 0 0 3 0" )
	call Preload( "A 616 10272.407 -1.000 -1.000 10272.407 10272.407 128 128 153 153 128 -1" )
	call Preload( "B 616 -1 -1 -1 -1 2 0 0 3 0" )
	call Preload( "A 617 10289.069 -1.000 -1.000 10289.069 10289.069 128 128 153 153 128 -1" )
	call Preload( "B 617 -1 -1 -1 -1 2 0 0 3 0" )
	call Preload( "A 618 10305.732 -1.000 -1.000 10305.732 10305.732 128 128 153 153 128 -1" )
	call Preload( "B 618 -1 -1 -1 -1 2 0 0 3 0" )
	call Preload( "A 619 10322.395 -1.000 -1.000 10322.395 10322.395 128 128 153 153 128 -1" )
	call Preload( "B 619 -1 -1 -1 -1 2 0 0 3 0" )
	call Preload( "A 620 10339.058 -1.000 -1.000 10339.058 10339.058 128 128 153 153 128 -1" )
	call Preload( "B 620 -1 -1 -1 -1 2 0 0 3 0" )
	call Preload( "A 621 10355.720 -1.000 -1.000 10355.720 10355.720 128 128 153 153 128 -1" )
	call Preload( "B 621 -1 -1 -1 -1 2 0 0 3 0" )
	call Preload( "A 622 10372.383 -1.000 -1.000 10372.383 10372.383 128 128 153 153 128 -1" )
	call Preload( "B 622 -1 -1 -1 -1 2 0 0 3 0" )
	call Preload( "A 623 10389.045 -1.000 -1.000 10389.045 10389.045 128 128 153 153 128 -1" )
	call Preload( "B 623 -1 -1 -1 -1 2 0 0 3 0" )
	call Preload( "A 624 10405.708 -1.000 -1.000 10405.708 10405.708 128 128 153 153 128 -1" )
	call Preload( "B 624 -1 -1 -1 -1 2 0 0 3 0" )
	call Preload( "A 625 10422.370 -1.000 -1.000 10422.370 10422.370 128 128 153 153 128 -1" )
	call Preload( "B 625 -1 -1 -1 -1 2 0 0 3 0" )
	call Preload( "A 626 10439.033 -1.000 -1.000 10439.033 10439.033 128 128 153 153 128 -1" )
	call Preload( "B 626 -1 -1 -1 -1 2 0 0 3 0" )
	call Preload( "A 627 10455.695 -1.000 -1.000 10455.695 10455.695 128 128 153 153 128 -1" )
	call Preload( "B 627 -1 -1 -1 -1 2 0 0 3 0" )
	call Preload( "A 628 10472.358 -1.000 -1.000 10472.358 10472.358 128 128 153 153 128 -1" )
	call Preload( "B 628 -1 -1 -1 -1 2 0 0 3 0" )
	call Preload( "A 629 10489.021 -1.000 -1.000 10489.021 10489.021 128 128 153 153 128 -1" )
	call Preload( "B 629 -1 -1 -1 -1 2 0 0 3 0" )
	call Preload( "A 630 10505.684 -1.000 -1.000 10505.684 10505.684 128 128 153 153 128 -1" )
	call Preload( "B 630 -1 -1 -1 -1 2 0 0 3 0" )
	call Preload( "A 631 10522.346 -1.000 -1.000 10522.346 10522.346 128 128 153 153 128 -1" )
	call Preload( "B 631 -1 -1 -1 -1 2 0 0 3 0" )
	call Preload( "A 632 10539.009 -1.000 -1.000 10539.009 10539.009 128 128 153 153 128 -1" )
	call Preload( "B 632 -1 -1 -1 -1 2 0 0 3 0" )
	call Preload( "A 633 10555.671 -1.000 -1.000 10555.671 10555.671 128 128 153 153 128 -1" )
	call Preload( "B 633 -1 -1 -1 -1 2 0 0 3 0" )
	call Preload( "A 634 10572.334 -1.000 -1.000 10572.334 10572.334 128 128 153 153 128 -1" )
	call Preload( "B 634 -1 -1 -1 -1 2 0 0 3 0" )
	call Preload( "A 635 10588.996 -1.000 -1.000 10588.996 10588.996 128 128 153 153 128 -1" )
	call Preload( "B 635 -1 -1 -1 -1 2 0 0 3 0" )
	call Preload( "A 636 10605.659 -1.000 -1.000 10605.659 10605.659 128 128 153 153 128 -1" )
	call Preload( "B 636 -1 -1 -1 -1 2 0 0 3 0" )
	call Preload( "A 637 10622.321 -1.000 -1.000 10622.321 10622.321 128 128 153 153 128 -1" )
	call Preload( "B 637 -1 -1 -1 -1 2 0 0 3 0" )
	call Preload( "A 638 10638.984 -1.000 -1.000 10638.984 10638.984 128 128 153 153 128 -1" )
	call Preload( "B 638 -1 -1 -1 -1 2 0 0 3 0" )
	call Preload( "A 639 10655.646 -1.000 -1.000 10655.646 10655.646 128 128 153 153 128 -1" )
	call Preload( "B 639 -1 -1 -1 -1 2 0 0 3 0" )
	call Preload( "A 640 10672.310 -1.000 -1.000 10672.310 10672.310 128 128 153 153 128 -1" )
	call Preload( "B 640 -1 -1 -1 -1 2 0 0 3 0" )
	call Preload( "A 641 10688.972 -1.000 -1.000 10688.972 10688.972 128 128 153 153 128 -1" )
	call Preload( "B 641 -1 -1 -1 -1 2 0 0 3 0" )
	call Preload( "A 642 10705.635 -1.000 -1.000 10705.635 10705.635 128 128 153 153 128 -1" )
	call Preload( "B 642 -1 -1 -1 -1 2 0 0 3 0" )
	call Preload( "A 643 10722.297 -1.000 -1.000 10722.297 10722.297 128 128 153 153 128 -1" )
	call Preload( "B 643 -1 -1 -1 -1 2 0 0 3 0" )
	call Preload( "A 644 10738.960 -1.000 -1.000 10738.960 10738.960 128 128 153 153 128 -1" )
	call Preload( "B 644 -1 -1 -1 -1 2 0 0 3 0" )
	call Preload( "A 645 10755.622 -1.000 -1.000 10755.622 10755.622 128 128 153 153 128 -1" )
	call Preload( "B 645 -1 -1 -1 -1 2 0 0 3 0" )
	call Preload( "A 646 10772.285 -1.000 -1.000 10772.285 10772.285 128 128 153 153 128 -1" )
	call Preload( "B 646 -1 -1 -1 -1 2 0 0 3 0" )
	call Preload( "A 647 10788.947 -1.000 -1.000 10788.947 10788.947 128 128 153 153 128 -1" )
	call Preload( "B 647 -1 -1 -1 -1 2 0 0 3 0" )
	call Preload( "A 648 10805.610 -1.000 -1.000 10805.610 10805.610 128 128 153 153 128 -1" )
	call Preload( "B 648 -1 -1 -1 -1 2 0 0 3 0" )
	call Preload( "A 649 10822.272 -1.000 -1.000 10822.272 10822.272 128 128 153 153 128 -1" )
	call Preload( "B 649 -1 -1 -1 -1 2 0 0 3 0" )
	call Preload( "A 650 10838.936 -1.000 -1.000 10838.936 10838.936 128 128 153 153 128 -1" )
	call Preload( "B 650 -1 -1 -1 -1 2 0 0 3 0" )
	call Preload( "A 651 10855.598 -1.000 -1.000 10855.598 10855.598 128 128 153 153 128 -1" )
	call Preload( "B 651 -1 -1 -1 -1 2 0 0 3 0" )
	call Preload( "A 652 10872.261 -1.000 -1.000 10872.261 10872.261 128 128 153 153 128 -1" )
	call Preload( "B 652 -1 -1 -1 -1 2 0 0 3 0" )
	call Preload( "A 653 10888.923 -1.000 -1.000 10888.923 10888.923 128 128 153 153 128 -1" )
	call Preload( "B 653 -1 -1 -1 -1 2 0 0 3 0" )
	call Preload( "A 654 10905.586 -1.000 -1.000 10905.586 10905.586 128 128 153 153 128 -1" )
	call Preload( "B 654 -1 -1 -1 -1 2 0 0 3 0" )
	call Preload( "A 655 10922.248 -1.000 -1.000 10922.248 10922.248 128 128 153 153 128 -1" )
	call Preload( "B 655 -1 -1 -1 -1 2 0 0 3 0" )
	call Preload( "A 656 10938.911 -1.000 -1.000 10938.911 10938.911 128 128 153 153 128 -1" )
	call Preload( "B 656 -1 -1 -1 -1 2 0 0 3 0" )
	call Preload( "A 657 10955.573 -1.000 -1.000 10955.573 10955.573 128 128 153 153 128 -1" )
	call Preload( "B 657 -1 -1 -1 -1 2 0 0 3 0" )
	call Preload( "A 658 10972.236 -1.000 -1.000 10972.236 10972.236 128 128 153 153 128 -1" )
	call Preload( "B 658 -1 -1 -1 -1 2 0 0 3 0" )
	call Preload( "A 659 10988.898 -1.000 -1.000 10988.898 10988.898 128 128 153 153 128 -1" )
	call Preload( "B 659 -1 -1 -1 -1 2 0 0 3 0" )
	call Preload( "A 660 11005.562 -1.000 -1.000 11005.562 11005.562 128 128 153 153 128 -1" )
	call Preload( "B 660 -1 -1 -1 -1 2 0 0 3 0" )
	call Preload( "A 661 11022.224 -1.000 -1.000 11022.224 11022.224 128 128 153 153 128 -1" )
	call Preload( "B 661 -1 -1 -1 -1 2 0 0 3 0" )
	call Preload( "A 662 11038.887 -1.000 -1.000 11038.887 11038.887 128 128 153 153 128 -1" )
	call Preload( "B 662 -1 -1 -1 -1 2 0 0 3 0" )
	call Preload( "A 663 11055.549 -1.000 -1.000 11055.549 11055.549 128 128 153 153 128 -1" )
	call Preload( "B 663 -1 -1 -1 -1 2 0 0 3 0" )
	call Preload( "A 664 11072.212 -1.000 -1.000 11072.212 11072.212 128 128 153 153 128 -1" )
	call Preload( "B 664 -1 -1 -1 -1 2 0 0 3 0" )
	call Preload( "A 665 11088.874 -1.000 -1.000 11088.874 11088.874 128 128 153 153 128 -1" )
	call Preload( "B 665 -1 -1 -1 -1 2 0 0 3 0" )
	call Preload( "A 666 11105.537 -1.000 -1.000 11105.537 11105.537 128 128 153 153 128 -1" )
	call Preload( "B 666 -1 -1 -1 -1 2 0 0 3 0" )
	call Preload( "A 667 11122.199 -1.000 -1.000 11122.199 11122.199 128 134 153 154 160 -1" )
	call Preload( "B 667 -1 -1 -1 -1 2 0 0 4 0" )
	call Preload( "A 668 11138.862 11138.862 -1.000 11138.862 11138.862 134 140 154 155 160 198" )
	call Preload( "B 668 0 0 0 -1 2 0 0 4 0" )
	call Preload( "A 669 11155.524 11155.524 -1.000 11155.524 11155.524 140 146 155 156 160 204" )
	call Preload( "B 669 0 0 0 -1 2 0 0 4 0" )
	call Preload( "A 670 11172.188 11172.188 -1.000 11172.188 11172.188 146 152 156 157 160 210" )
	call Preload( "B 670 0 0 0 -1 2 0 0 4 0" )
	call Preload( "A 671 11188.850 11188.850 -1.000 11188.850 11188.850 152 156 157 158 160 216" )
	call Preload( "B 671 0 0 0 -1 2 0 0 4 0" )
	call Preload( "A 672 11205.513 11205.513 -1.000 11205.513 11205.513 156 157 158 159 160 220" )
	call Preload( "B 672 0 0 0 -1 2 0 0 4 0" )
	call Preload( "A 673 11222.175 -1.000 -1.000 11222.175 11222.175 157 158 159 160 160 -1" )
	call Preload( "B 673 -1 -1 -1 -1 2 0 0 4 0" )
	call Preload( "A 674 11238.838 11238.838 -1.000 11238.838 11238.838 158 159 160 161 160 222" )
	call Preload( "B 674 0 0 0 -1 2 0 0 4 0" )
	call Preload( "A 675 11255.500 -1.000 -1.000 11255.500 11255.500 159 160 161 162 160 -1" )
	call Preload( "B 675 -1 -1 -1 -1 2 0 0 4 0" )
	call Preload( "A 676 11272.163 11272.163 -1.000 11272.163 11272.163 160 160 162 163 160 224" )
	call Preload( "B 676 0 0 0 -1 2 0 0 4 0" )
	call Preload( "A 677 11288.825 -1.000 -1.000 11288.825 11288.825 160 160 163 164 160 -1" )
	call Preload( "B 677 -1 -1 -1 -1 2 0 0 4 0" )
	call Preload( "A 678 11305.488 -1.000 -1.000 11305.488 11305.488 160 160 164 165 160 -1" )
	call Preload( "B 678 -1 -1 -1 -1 2 0 0 4 0" )
	call Preload( "A 679 11322.150 -1.000 -1.000 11322.150 11322.150 160 160 165 166 160 -1" )
	call Preload( "B 679 -1 -1 -1 -1 2 0 0 4 0" )
	call Preload( "A 680 11338.813 -1.000 -1.000 11338.813 11338.813 160 160 166 167 160 -1" )
	call Preload( "B 680 -1 -1 -1 -1 2 0 0 4 0" )
	call Preload( "A 681 11355.476 -1.000 -1.000 11355.476 11355.476 160 160 167 168 160 -1" )
	call Preload( "B 681 -1 -1 -1 -1 2 0 0 4 0" )
	call Preload( "A 682 11372.139 -1.000 -1.000 11372.139 11372.139 160 160 168 169 160 -1" )
	call Preload( "B 682 -1 -1 -1 -1 2 0 0 4 0" )
	call Preload( "A 683 11388.801 -1.000 -1.000 11388.801 11388.801 160 160 169 170 160 -1" )
	call Preload( "B 683 -1 -1 -1 -1 2 0 0 4 0" )
	call Preload( "A 684 11405.464 -1.000 -1.000 11405.464 11405.464 160 160 170 171 160 -1" )
	call Preload( "B 684 -1 -1 -1 -1 2 0 0 4 0" )
	call Preload( "A 685 11422.126 -1.000 -1.000 11422.126 11422.126 160 160 171 172 160 -1" )
	call Preload( "B 685 -1 -1 -1 -1 2 0 0 4 0" )
	call Preload( "A 686 11438.789 -1.000 -1.000 11438.789 11438.789 160 160 172 173 160 -1" )
	call Preload( "B 686 -1 -1 -1 -1 2 0 0 4 0" )
	call Preload( "A 687 11455.451 -1.000 -1.000 11455.451 11455.451 160 160 173 174 160 -1" )
	call Preload( "B 687 -1 -1 -1 -1 2 0 0 4 0" )
	call Preload( "A 688 11472.114 -1.000 -1.000 11472.114 11472.114 160 160 174 175 160 -1" )
	call Preload( "B 688 -1 -1 -1 -1 2 0 0 4 0" )
	call Preload( "A 689 11488.776 -1.000 -1.000 11488.776 11488.776 160 160 175 176 160 -1" )
	call Preload( "B 689 -1 -1 -1 -1 2 0 0 4 0" )
	call Preload( "A 690 11505.439 -1.000 -1.000 11505.439 11505.439 160 160 176 177 160 -1" )
	call Preload( "B 690 -1 -1 -1 -1 2 0 0 5 0" )
	call Preload( "A 691 11522.102 -1.000 -1.000 11522.102 11522.102 160 160 177 178 160 -1" )
	call Preload( "B 691 -1 -1 -1 -1 2 0 0 5 0" )
	call Preload( "A 692 11538.765 -1.000 -1.000 11538.765 11538.765 160 160 178 179 160 -1" )
	call Preload( "B 692 -1 -1 -1 -1 2 0 0 5 0" )
	call Preload( "A 693 11555.427 -1.000 -1.000 11555.427 11555.427 160 160 179 180 160 -1" )
	call Preload( "B 693 -1 -1 -1 -1 2 0 0 5 0" )
	call Preload( "A 694 11572.090 -1.000 -1.000 11572.090 11572.090 160 160 180 181 160 -1" )
	call Preload( "B 694 -1 -1 -1 -1 2 0 0 5 0" )
	call Preload( "A 695 11588.752 -1.000 -1.000 11588.752 11588.752 160 160 181 182 160 -1" )
	call Preload( "B 695 -1 -1 -1 -1 2 0 0 5 0" )
	call Preload( "A 696 11605.415 -1.000 -1.000 11605.415 11605.415 160 160 182 183 160 -1" )
	call Preload( "B 696 -1 -1 -1 -1 2 0 0 5 0" )
	call Preload( "A 697 11622.077 -1.000 -1.000 11622.077 11622.077 160 160 183 184 160 -1" )
	call Preload( "B 697 -1 -1 -1 -1 2 0 0 5 0" )
	call Preload( "A 698 11638.740 -1.000 -1.000 11638.740 11638.740 160 160 184 185 160 -1" )
	call Preload( "B 698 -1 -1 -1 -1 2 0 0 5 0" )
	call Preload( "A 699 11655.402 -1.000 -1.000 11655.402 11655.402 160 160 185 185 160 -1" )
	call Preload( "B 699 -1 -1 -1 -1 2 0 0 5 0" )
	call Preload( "A 700 11672.065 -1.000 -1.000 11672.065 11672.065 160 160 185 185 160 -1" )
	call Preload( "B 700 -1 -1 -1 -1 2 0 0 5 0" )
	call Preload( "A 701 11688.728 -1.000 -1.000 11688.728 11688.728 160 160 185 185 160 -1" )
	call Preload( "B 701 -1 -1 -1 -1 2 0 0 5 0" )
	call Preload( "A 702 11705.391 -1.000 -1.000 11705.391 11705.391 160 160 185 185 160 -1" )
	call Preload( "B 702 -1 -1 -1 -1 2 0 0 5 0" )
	call Preload( "A 703 11722.053 -1.000 -1.000 11722.053 11722.053 160 160 185 185 160 -1" )
	call Preload( "B 703 -1 -1 -1 -1 2 0 0 5 0" )
	call Preload( "A 704 11738.716 -1.000 -1.000 11738.716 11738.716 160 160 185 185 160 -1" )
	call Preload( "B 704 -1 -1 -1 -1 2 0 0 5 0" )
	call Preload( "A 705 11755.378 -1.000 -1.000 11755.378 11755.378 160 160 185 185 160 -1" )
	call Preload( "B 705 -1 -1 -1 -1 2 0 0 5 0" )
	call Preload( "A 706 11772.041 -1.000 -1.000 11772.041 11772.041 160 160 185 185 160 -1" )
	call Preload( "B 706 -1 -1 -1 -1 2 0 0 5 0" )
	call Preload( "A 707 11788.703 -1.000 -1.000 11788.703 11788.703 160 160 185 185 160 -1" )
	call Preload( "B 707 -1 -1 -1 -1 2 0 0 5 0" )
	call Preload( "A 708 11805.366 -1.000 -1.000 11805.366 11805.366 160 160 185 185 160 -1" )
	call Preload( "B 708 -1 -1 -1 -1 2 0 0 5 0" )
	call Preload( "A 709 11822.028 -1.000 -1.000 11822.028 11822.028 160 160 185 185 160 -1" )
	call Preload( "B 709 -1 -1 -1 -1 2 0 0 5 0" )
	call Preload( "A 710 11838.691 -1.000 -1.000 11838.691 11838.691 160 160 185 185 160 -1" )
	call Preload( "B 710 -1 -1 -1 -1 2 0 0 5 0" )
	call Preload( "A 711 11855.354 -1.000 -1.000 11855.354 11855.354 160 160 185 185 160 -1" )
	call Preload( "B 711 -1 -1 -1 -1 2 0 0 5 0" )
	call Preload( "A 712 11872.017 -1.000 -1.000 11872.017 11872.017 160 160 185 185 160 -1" )
	call Preload( "B 712 -1 -1 -1 -1 2 0 0 5 0" )
	call Preload( "A 713 11888.679 -1.000 -1.000 11888.679 11888.679 160 160 185 185 160 -1" )
	call Preload( "B 713 -1 -1 -1 -1 2 0 0 5 0" )
	call Preload( "A 714 11905.342 -1.000 -1.000 11905.342 11905.342 160 160 185 185 160 -1" )
	call Preload( "B 714 -1 -1 -1 -1 2 0 0 5 0" )
	call Preload( "A 715 11922.004 -1.000 -1.000 11922.004 11922.004 160 160 185 185 160 -1" )
	call Preload( "B 715 -1 -1 -1 -1 2 0 0 5 0" )
	call Preload( "A 716 11938.667 -1.000 -1.000 11938.667 11938.667 160 160 185 185 160 -1" )
	call Preload( "B 716 -1 -1 -1 -1 2 0 0 5 0" )
	call Preload( "A 717 11955.329 -1.000 -1.000 11955.329 11955.329 160 160 185 185 160 -1" )
	call Preload( "B 717 -1 -1 -1 -1 2 0 0 5 0" )
	call Preload( "A 718 11971.992 -1.000 -1.000 11971.992 11971.992 160 160 185 185 160 -1" )
	call Preload( "B 718 -1 -1 -1 -1 2 0 0 5 0" )
	call Preload( "A 719 11988.654 -1.000 -1.000 11988.654 11988.654 160 160 185 185 160 -1" )
	call Preload( "B 719 -1 -1 -1 -1 2 0 0 5 0" )
	call Preload( "A 720 12005.317 -1.000 -1.000 12005.317 12005.317 160 160 185 185 160 -1" )
	call Preload( "B 720 -1 -1 -1 -1 2 0 0 5 0" )
	call Preload( "A 721 12021.979 -1.000 -1.000 12021.979 12021.979 160 160 185 185 160 -1" )
	call Preload( "B 721 -1 -1 -1 -1 2 0 0 5 0" )
	call Preload( "A 722 12038.643 -1.000 -1.000 12038.643 12038.643 160 160 185 185 160 -1" )
	call Preload( "B 722 -1 -1 -1 -1 2 0 0 5 0" )
	call Preload( "A 723 12055.305 -1.000 -1.000 12055.305 12055.305 160 160 185 185 160 -1" )
	call Preload( "B 723 -1 -1 -1 -1 2 0 0 5 0" )
	call Preload( "A 724 12071.968 -1.000 -1.000 12071.968 12071.968 160 160 185 185 160 -1" )
	call Preload( "B 724 -1 -1 -1 -1 2 0 0 5 0" )
	call Preload( "A 725 12088.630 -1.000 -1.000 12088.630 12088.630 160 160 185 185 160 -1" )
	call Preload( "B 725 -1 -1 -1 -1 2 0 0 5 0" )
	call Preload( "A 726 12105.293 -1.000 -1.000 12105.293 12105.293 160 160 185 185 160 -1" )
	call Preload( "B 726 -1 -1 -1 -1 2 0 0 5 0" )
	call Preload( "A 727 12121.955 -1.000 -1.000 12121.955 12121.955 160 160 185 185 160 -1" )
	call Preload( "B 727 -1 -1 -1 -1 2 0 0 5 0" )
	call Preload( "A 728 12138.618 -1.000 -1.000 12138.618 12138.618 160 160 185 185 160 -1" )
	call Preload( "B 728 -1 -1 -1 -1 2 0 0 5 0" )
	call Preload( "A 729 12155.280 -1.000 -1.000 12155.280 12155.280 160 160 185 185 160 -1" )
	call Preload( "B 729 -1 -1 -1 -1 2 0 0 5 0" )
	call Preload( "A 730 12171.943 -1.000 -1.000 12171.943 12171.943 160 160 185 185 160 -1" )
	call Preload( "B 730 -1 -1 -1 -1 2 0 0 5 0" )
	call Preload( "A 731 12188.605 -1.000 -1.000 12188.605 12188.605 160 160 185 185 160 -1" )
	call Preload( "B 731 -1 -1 -1 -1 2 0 0 5 0" )
	call Preload( "A 732 12205.269 -1.000 -1.000 12205.269 12205.269 160 160 185 185 160 -1" )
	call Preload( "B 732 -1 -1 -1 -1 2 0 0 5 0" )
	call Preload( "A 733 12221.931 -1.000 -1.000 12221.931 12221.931 160 160 185 185 160 -1" )
	call Preload( "B 733 -1 -1 -1 -1 2 0 0 5 0" )
	call Preload( "A 734 12238.594 -1.000 -1.000 12238.594 12238.594 160 160 185 185 160 -1" )
	call Preload( "B 734 -1 -1 -1 -1 2 0 0 5 0" )
	call Preload( "A 735 12255.256 -1.000 -1.000 12255.256 12255.256 160 160 185 185 160 -1" )
	call Preload( "B 735 -1 -1 -1 -1 2 0 0 5 0" )
	call Preload( "A 736 12271.919 -1.000 -1.000 12271.919 12271.919 160 160 185 185 160 -1" )
	call Preload( "B 736 -1 -1 -1 -1 2 0 0 5 0" )
	call Preload( "A 737 12288.581 -1.000 -1.000 12288.581 12288.581 160 160 185 185 160 -1" )
	call Preload( "B 737 -1 -1 -1 -1 2 0 0 5 0" )
	call Preload( "A 738 12305.244 -1.000 -1.000 12305.244 12305.244 160 160 185 185 160 -1" )
	call Preload( "B 738 -1 -1 -1 -1 2 0 0 5 0" )
	call Preload( "A 739 12321.906 -1.000 -1.000 12321.906 12321.906 160 160 185 185 160 -1" )
	call Preload( "B 739 -1 -1 -1 -1 2 0 0 5 0" )
	call Preload( "A 740 12338.569 -1.000 -1.000 12338.569 12338.569 160 160 185 185 160 -1" )
	call Preload( "B 740 -1 -1 -1 -1 2 0 0 5 0" )
	call Preload( "A 741 12355.231 -1.000 -1.000 12355.231 12355.231 160 160 185 185 160 -1" )
	call Preload( "B 741 -1 -1 -1 -1 2 0 0 5 0" )
	call Preload( "A 742 12371.895 -1.000 -1.000 12371.895 12371.895 160 160 185 185 160 -1" )
	call Preload( "B 742 -1 -1 -1 -1 2 0 0 5 0" )
	call Preload( "A 743 12388.557 -1.000 -1.000 12388.557 12388.557 160 160 185 185 160 -1" )
	call Preload( "B 743 -1 -1 -1 -1 2 0 0 5 0" )
	call Preload( "A 744 12405.220 -1.000 -1.000 12405.220 12405.220 160 160 185 185 160 -1" )
	call Preload( "B 744 -1 -1 -1 -1 2 0 0 5 0" )
	call Preload( "A 745 12421.882 -1.000 -1.000 12421.882 12421.882 160 160 185 185 160 -1" )
	call Preload( "B 745 -1 -1 -1 -1 2 0 0 5 0" )
	call Preload( "A 746 12438.545 -1.000 -1.000 12438.545 12438.545 160 160 185 185 160 -1" )
	call Preload( "B 746 -1 -1 -1 -1 2 0 0 5 0" )
	call Preload( "A 747 12455.207 -1.000 -1.000 12455.207 12455.207 160 160 185 185 160 -1" )
	call Preload( "B 747 -1 -1 -1 -1 2 0 0 5 0" )
	call Preload( "A 748 12471.870 -1.000 -1.000 12471.870 12471.870 160 160 185 185 160 -1" )
	call Preload( "B 748 -1 -1 -1 -1 2 0 0 5 0" )
	call Preload( "A 749 12488.532 -1.000 -1.000 12488.532 12488.532 160 160 185 185 160 -1" )
	call Preload( "B 749 -1 -1 -1 -1 2 0 0 5 0" )
	call PreloadEnd( 0.0 )

endfunction


