function PreloadFiles takes nothing returns nothing

	call PreloadStart()
	call Preload( "RS v=2 build=20261003T221416375056960 local=0 run=1 page=12 rows=2179 mode=clean edge_pairs=0 edge_limit=64 edge_dropped=0" )
	call Preload( "counts poll=416 capture_attempt=0 advance=2179 present=2179" )
	call Preload( "clock=native-game-ms not-host-wall; row=zero-based-service; marker_x=0.04+(row%32)*0.0032 y=0.595-((row/32)%4)*0.01" )
	call Preload( "A row entry_ms poll_ms capture_ms advance_ms present_ms frame_before frame_after F_before F_after K_before target" )
	call Preload( "B row held pressed released capture_result phase confirmed_shield predicted_shield pose_serial correction" )
	call Preload( "A 1800 30000.922 -1.000 -1.000 30000.922 30000.922 320 320 345 345 320 -1" )
	call Preload( "B 1800 -1 -1 -1 -1 2 0 0 11 0" )
	call Preload( "A 1801 30017.584 -1.000 -1.000 30017.584 30017.584 320 320 345 345 320 -1" )
	call Preload( "B 1801 -1 -1 -1 -1 2 0 0 11 0" )
	call Preload( "A 1802 30034.248 -1.000 -1.000 30034.248 30034.248 320 320 345 345 320 -1" )
	call Preload( "B 1802 -1 -1 -1 -1 2 0 0 11 0" )
	call Preload( "A 1803 30050.910 -1.000 -1.000 30050.910 30050.910 320 320 345 345 320 -1" )
	call Preload( "B 1803 -1 -1 -1 -1 2 0 0 11 0" )
	call Preload( "A 1804 30067.572 -1.000 -1.000 30067.572 30067.572 320 320 345 345 320 -1" )
	call Preload( "B 1804 -1 -1 -1 -1 2 0 0 11 0" )
	call Preload( "A 1805 30084.234 -1.000 -1.000 30084.234 30084.234 320 320 345 345 320 -1" )
	call Preload( "B 1805 -1 -1 -1 -1 2 0 0 11 0" )
	call Preload( "A 1806 30100.898 -1.000 -1.000 30100.898 30100.898 320 320 345 345 320 -1" )
	call Preload( "B 1806 -1 -1 -1 -1 2 0 0 11 0" )
	call Preload( "A 1807 30117.561 -1.000 -1.000 30117.561 30117.561 320 320 345 345 320 -1" )
	call Preload( "B 1807 -1 -1 -1 -1 2 0 0 11 0" )
	call Preload( "A 1808 30134.223 -1.000 -1.000 30134.223 30134.223 320 320 345 345 320 -1" )
	call Preload( "B 1808 -1 -1 -1 -1 2 0 0 11 0" )
	call Preload( "A 1809 30150.885 -1.000 -1.000 30150.885 30150.885 320 320 345 345 320 -1" )
	call Preload( "B 1809 -1 -1 -1 -1 2 0 0 11 0" )
	call Preload( "A 1810 30167.549 -1.000 -1.000 30167.549 30167.549 320 320 345 345 320 -1" )
	call Preload( "B 1810 -1 -1 -1 -1 2 0 0 11 0" )
	call Preload( "A 1811 30184.211 -1.000 -1.000 30184.211 30184.211 320 320 345 345 320 -1" )
	call Preload( "B 1811 -1 -1 -1 -1 2 0 0 11 0" )
	call Preload( "A 1812 30200.873 -1.000 -1.000 30200.873 30200.873 320 320 345 345 320 -1" )
	call Preload( "B 1812 -1 -1 -1 -1 2 0 0 11 0" )
	call Preload( "A 1813 30217.535 -1.000 -1.000 30217.535 30217.535 320 320 345 345 320 -1" )
	call Preload( "B 1813 -1 -1 -1 -1 2 0 0 11 0" )
	call Preload( "A 1814 30234.199 -1.000 -1.000 30234.199 30234.199 320 320 345 345 320 -1" )
	call Preload( "B 1814 -1 -1 -1 -1 2 0 0 11 0" )
	call Preload( "A 1815 30250.861 -1.000 -1.000 30250.861 30250.861 320 320 345 345 320 -1" )
	call Preload( "B 1815 -1 -1 -1 -1 2 0 0 11 0" )
	call Preload( "A 1816 30267.523 -1.000 -1.000 30267.523 30267.523 320 320 345 345 320 -1" )
	call Preload( "B 1816 -1 -1 -1 -1 2 0 0 11 0" )
	call Preload( "A 1817 30284.186 -1.000 -1.000 30284.186 30284.186 320 320 345 345 320 -1" )
	call Preload( "B 1817 -1 -1 -1 -1 2 0 0 11 0" )
	call Preload( "A 1818 30300.850 -1.000 -1.000 30300.850 30300.850 320 320 345 345 320 -1" )
	call Preload( "B 1818 -1 -1 -1 -1 2 0 0 11 0" )
	call Preload( "A 1819 30317.512 -1.000 -1.000 30317.512 30317.512 320 320 345 345 320 -1" )
	call Preload( "B 1819 -1 -1 -1 -1 2 0 0 11 0" )
	call Preload( "A 1820 30334.174 -1.000 -1.000 30334.174 30334.174 320 320 345 345 320 -1" )
	call Preload( "B 1820 -1 -1 -1 -1 2 0 0 11 0" )
	call Preload( "A 1821 30350.836 -1.000 -1.000 30350.836 30350.836 320 320 345 345 320 -1" )
	call Preload( "B 1821 -1 -1 -1 -1 2 0 0 11 0" )
	call Preload( "A 1822 30367.500 -1.000 -1.000 30367.500 30367.500 320 320 345 345 320 -1" )
	call Preload( "B 1822 -1 -1 -1 -1 2 0 0 11 0" )
	call Preload( "A 1823 30384.162 -1.000 -1.000 30384.162 30384.162 320 320 345 345 320 -1" )
	call Preload( "B 1823 -1 -1 -1 -1 2 0 0 11 0" )
	call Preload( "A 1824 30400.824 -1.000 -1.000 30400.824 30400.824 320 320 345 345 320 -1" )
	call Preload( "B 1824 -1 -1 -1 -1 2 0 0 11 0" )
	call Preload( "A 1825 30417.486 -1.000 -1.000 30417.486 30417.486 320 320 345 345 320 -1" )
	call Preload( "B 1825 -1 -1 -1 -1 2 0 0 11 0" )
	call Preload( "A 1826 30434.150 -1.000 -1.000 30434.150 30434.150 320 320 345 345 320 -1" )
	call Preload( "B 1826 -1 -1 -1 -1 2 0 0 11 0" )
	call Preload( "A 1827 30450.813 -1.000 -1.000 30450.813 30450.813 320 320 345 345 320 -1" )
	call Preload( "B 1827 -1 -1 -1 -1 2 0 0 11 0" )
	call Preload( "A 1828 30467.475 -1.000 -1.000 30467.475 30467.475 320 320 345 345 320 -1" )
	call Preload( "B 1828 -1 -1 -1 -1 2 0 0 11 0" )
	call Preload( "A 1829 30484.137 -1.000 -1.000 30484.137 30484.137 320 320 345 345 320 -1" )
	call Preload( "B 1829 -1 -1 -1 -1 2 0 0 11 0" )
	call Preload( "A 1830 30500.801 -1.000 -1.000 30500.801 30500.801 320 320 345 345 320 -1" )
	call Preload( "B 1830 -1 -1 -1 -1 2 0 0 11 0" )
	call Preload( "A 1831 30517.463 -1.000 -1.000 30517.463 30517.463 320 320 345 345 320 -1" )
	call Preload( "B 1831 -1 -1 -1 -1 2 0 0 11 0" )
	call Preload( "A 1832 30534.125 -1.000 -1.000 30534.125 30534.125 320 320 345 345 320 -1" )
	call Preload( "B 1832 -1 -1 -1 -1 2 0 0 11 0" )
	call Preload( "A 1833 30550.787 -1.000 -1.000 30550.787 30550.787 320 320 345 345 320 -1" )
	call Preload( "B 1833 -1 -1 -1 -1 2 0 0 11 0" )
	call Preload( "A 1834 30567.451 -1.000 -1.000 30567.451 30567.451 320 320 345 345 320 -1" )
	call Preload( "B 1834 -1 -1 -1 -1 2 0 0 11 0" )
	call Preload( "A 1835 30584.113 -1.000 -1.000 30584.113 30584.113 320 320 345 345 320 -1" )
	call Preload( "B 1835 -1 -1 -1 -1 2 0 0 11 0" )
	call Preload( "A 1836 30600.775 -1.000 -1.000 30600.775 30600.775 320 320 345 345 320 -1" )
	call Preload( "B 1836 -1 -1 -1 -1 2 0 0 11 0" )
	call Preload( "A 1837 30617.438 -1.000 -1.000 30617.438 30617.438 320 320 345 345 320 -1" )
	call Preload( "B 1837 -1 -1 -1 -1 2 0 0 11 0" )
	call Preload( "A 1838 30634.102 -1.000 -1.000 30634.102 30634.102 320 320 345 345 320 -1" )
	call Preload( "B 1838 -1 -1 -1 -1 2 0 0 11 0" )
	call Preload( "A 1839 30650.764 -1.000 -1.000 30650.764 30650.764 320 320 345 345 320 -1" )
	call Preload( "B 1839 -1 -1 -1 -1 2 0 0 11 0" )
	call Preload( "A 1840 30667.426 -1.000 -1.000 30667.426 30667.426 320 320 345 345 320 -1" )
	call Preload( "B 1840 -1 -1 -1 -1 2 0 0 11 0" )
	call Preload( "A 1841 30684.088 -1.000 -1.000 30684.088 30684.088 320 320 345 345 320 -1" )
	call Preload( "B 1841 -1 -1 -1 -1 2 0 0 11 0" )
	call Preload( "A 1842 30700.752 -1.000 -1.000 30700.752 30700.752 320 320 345 345 320 -1" )
	call Preload( "B 1842 -1 -1 -1 -1 2 0 0 11 0" )
	call Preload( "A 1843 30717.414 -1.000 -1.000 30717.414 30717.414 320 320 345 345 320 -1" )
	call Preload( "B 1843 -1 -1 -1 -1 2 0 0 11 0" )
	call Preload( "A 1844 30734.076 -1.000 -1.000 30734.076 30734.076 320 320 345 345 320 -1" )
	call Preload( "B 1844 -1 -1 -1 -1 2 0 0 11 0" )
	call Preload( "A 1845 30750.738 -1.000 -1.000 30750.738 30750.738 320 320 345 345 320 -1" )
	call Preload( "B 1845 -1 -1 -1 -1 2 0 0 11 0" )
	call Preload( "A 1846 30767.402 -1.000 -1.000 30767.402 30767.402 320 320 345 345 320 -1" )
	call Preload( "B 1846 -1 -1 -1 -1 2 0 0 11 0" )
	call Preload( "A 1847 30784.064 -1.000 -1.000 30784.064 30784.064 320 320 345 345 320 -1" )
	call Preload( "B 1847 -1 -1 -1 -1 2 0 0 11 0" )
	call Preload( "A 1848 30800.727 -1.000 -1.000 30800.727 30800.727 320 320 345 345 320 -1" )
	call Preload( "B 1848 -1 -1 -1 -1 2 0 0 11 0" )
	call Preload( "A 1849 30817.389 -1.000 -1.000 30817.389 30817.389 320 320 345 345 320 -1" )
	call Preload( "B 1849 -1 -1 -1 -1 2 0 0 11 0" )
	call Preload( "A 1850 30834.053 -1.000 -1.000 30834.053 30834.053 320 320 345 345 320 -1" )
	call Preload( "B 1850 -1 -1 -1 -1 2 0 0 11 0" )
	call Preload( "A 1851 30850.715 -1.000 -1.000 30850.715 30850.715 320 320 345 345 320 -1" )
	call Preload( "B 1851 -1 -1 -1 -1 2 0 0 11 0" )
	call Preload( "A 1852 30867.377 -1.000 -1.000 30867.377 30867.377 320 320 345 345 320 -1" )
	call Preload( "B 1852 -1 -1 -1 -1 2 0 0 11 0" )
	call Preload( "A 1853 30884.039 -1.000 -1.000 30884.039 30884.039 320 320 345 345 320 -1" )
	call Preload( "B 1853 -1 -1 -1 -1 2 0 0 11 0" )
	call Preload( "A 1854 30900.703 -1.000 -1.000 30900.703 30900.703 320 320 345 345 320 -1" )
	call Preload( "B 1854 -1 -1 -1 -1 2 0 0 11 0" )
	call Preload( "A 1855 30917.365 -1.000 -1.000 30917.365 30917.365 320 320 345 345 320 -1" )
	call Preload( "B 1855 -1 -1 -1 -1 2 0 0 11 0" )
	call Preload( "A 1856 30934.027 -1.000 -1.000 30934.027 30934.027 320 320 345 345 320 -1" )
	call Preload( "B 1856 -1 -1 -1 -1 2 0 0 11 0" )
	call Preload( "A 1857 30950.689 -1.000 -1.000 30950.689 30950.689 320 320 345 345 320 -1" )
	call Preload( "B 1857 -1 -1 -1 -1 2 0 0 11 0" )
	call Preload( "A 1858 30967.354 -1.000 -1.000 30967.354 30967.354 320 320 345 345 320 -1" )
	call Preload( "B 1858 -1 -1 -1 -1 2 0 0 11 0" )
	call Preload( "A 1859 30984.016 -1.000 -1.000 30984.016 30984.016 320 320 345 345 320 -1" )
	call Preload( "B 1859 -1 -1 -1 -1 2 0 0 11 0" )
	call Preload( "A 1860 31000.678 -1.000 -1.000 31000.678 31000.678 320 320 345 345 320 -1" )
	call Preload( "B 1860 -1 -1 -1 -1 2 0 0 11 0" )
	call Preload( "A 1861 31017.340 -1.000 -1.000 31017.340 31017.340 320 320 345 345 320 -1" )
	call Preload( "B 1861 -1 -1 -1 -1 2 0 0 11 0" )
	call Preload( "A 1862 31034.004 -1.000 -1.000 31034.004 31034.004 320 320 345 345 320 -1" )
	call Preload( "B 1862 -1 -1 -1 -1 2 0 0 11 0" )
	call Preload( "A 1863 31050.666 -1.000 -1.000 31050.666 31050.666 320 320 345 345 320 -1" )
	call Preload( "B 1863 -1 -1 -1 -1 2 0 0 11 0" )
	call Preload( "A 1864 31067.328 -1.000 -1.000 31067.328 31067.328 320 320 345 345 320 -1" )
	call Preload( "B 1864 -1 -1 -1 -1 2 0 0 11 0" )
	call Preload( "A 1865 31083.990 -1.000 -1.000 31083.990 31083.990 320 320 345 345 320 -1" )
	call Preload( "B 1865 -1 -1 -1 -1 2 0 0 11 0" )
	call Preload( "A 1866 31100.654 -1.000 -1.000 31100.654 31100.654 320 320 345 345 320 -1" )
	call Preload( "B 1866 -1 -1 -1 -1 2 0 0 11 0" )
	call Preload( "A 1867 31117.316 -1.000 -1.000 31117.316 31117.316 320 320 345 345 320 -1" )
	call Preload( "B 1867 -1 -1 -1 -1 2 0 0 11 0" )
	call Preload( "A 1868 31133.979 -1.000 -1.000 31133.979 31133.979 320 320 345 345 320 -1" )
	call Preload( "B 1868 -1 -1 -1 -1 2 0 0 11 0" )
	call Preload( "A 1869 31150.641 -1.000 -1.000 31150.641 31150.641 320 320 345 345 320 -1" )
	call Preload( "B 1869 -1 -1 -1 -1 2 0 0 11 0" )
	call Preload( "A 1870 31167.305 -1.000 -1.000 31167.305 31167.305 320 320 345 345 320 -1" )
	call Preload( "B 1870 -1 -1 -1 -1 2 0 0 11 0" )
	call Preload( "A 1871 31183.967 -1.000 -1.000 31183.967 31183.967 320 320 345 345 320 -1" )
	call Preload( "B 1871 -1 -1 -1 -1 2 0 0 11 0" )
	call Preload( "A 1872 31200.629 -1.000 -1.000 31200.629 31200.629 320 320 345 345 320 -1" )
	call Preload( "B 1872 -1 -1 -1 -1 2 0 0 11 0" )
	call Preload( "A 1873 31217.291 -1.000 -1.000 31217.291 31217.291 320 320 345 345 320 -1" )
	call Preload( "B 1873 -1 -1 -1 -1 2 0 0 11 0" )
	call Preload( "A 1874 31233.955 -1.000 -1.000 31233.955 31233.955 320 320 345 345 320 -1" )
	call Preload( "B 1874 -1 -1 -1 -1 2 0 0 11 0" )
	call Preload( "A 1875 31250.617 -1.000 -1.000 31250.617 31250.617 320 320 345 345 320 -1" )
	call Preload( "B 1875 -1 -1 -1 -1 2 0 0 11 0" )
	call Preload( "A 1876 31267.279 -1.000 -1.000 31267.279 31267.279 320 320 345 345 320 -1" )
	call Preload( "B 1876 -1 -1 -1 -1 2 0 0 11 0" )
	call Preload( "A 1877 31283.941 -1.000 -1.000 31283.941 31283.941 320 320 345 345 320 -1" )
	call Preload( "B 1877 -1 -1 -1 -1 2 0 0 11 0" )
	call Preload( "A 1878 31300.605 -1.000 -1.000 31300.605 31300.605 320 320 345 345 320 -1" )
	call Preload( "B 1878 -1 -1 -1 -1 2 0 0 11 0" )
	call Preload( "A 1879 31317.268 -1.000 -1.000 31317.268 31317.268 320 320 345 345 320 -1" )
	call Preload( "B 1879 -1 -1 -1 -1 2 0 0 11 0" )
	call Preload( "A 1880 31333.930 -1.000 -1.000 31333.930 31333.930 320 320 345 345 320 -1" )
	call Preload( "B 1880 -1 -1 -1 -1 2 0 0 11 0" )
	call Preload( "A 1881 31350.592 -1.000 -1.000 31350.592 31350.592 320 320 345 345 320 -1" )
	call Preload( "B 1881 -1 -1 -1 -1 2 0 0 11 0" )
	call Preload( "A 1882 31367.256 -1.000 -1.000 31367.256 31367.256 320 320 345 345 320 -1" )
	call Preload( "B 1882 -1 -1 -1 -1 2 0 0 11 0" )
	call Preload( "A 1883 31383.918 -1.000 -1.000 31383.918 31383.918 320 320 345 345 320 -1" )
	call Preload( "B 1883 -1 -1 -1 -1 2 0 0 11 0" )
	call Preload( "A 1884 31400.580 -1.000 -1.000 31400.580 31400.580 320 320 345 345 320 -1" )
	call Preload( "B 1884 -1 -1 -1 -1 2 0 0 11 0" )
	call Preload( "A 1885 31417.242 -1.000 -1.000 31417.242 31417.242 320 320 345 345 320 -1" )
	call Preload( "B 1885 -1 -1 -1 -1 2 0 0 11 0" )
	call Preload( "A 1886 31433.906 -1.000 -1.000 31433.906 31433.906 320 320 345 345 320 -1" )
	call Preload( "B 1886 -1 -1 -1 -1 2 0 0 11 0" )
	call Preload( "A 1887 31450.568 -1.000 -1.000 31450.568 31450.568 320 320 345 345 320 -1" )
	call Preload( "B 1887 -1 -1 -1 -1 2 0 0 11 0" )
	call Preload( "A 1888 31467.230 -1.000 -1.000 31467.230 31467.230 320 320 345 345 320 -1" )
	call Preload( "B 1888 -1 -1 -1 -1 2 0 0 11 0" )
	call Preload( "A 1889 31483.893 -1.000 -1.000 31483.893 31483.893 320 320 345 345 320 -1" )
	call Preload( "B 1889 -1 -1 -1 -1 2 0 0 11 0" )
	call Preload( "A 1890 31500.557 -1.000 -1.000 31500.557 31500.557 320 320 345 345 320 -1" )
	call Preload( "B 1890 -1 -1 -1 -1 2 0 0 11 0" )
	call Preload( "A 1891 31517.219 -1.000 -1.000 31517.219 31517.219 320 320 345 345 320 -1" )
	call Preload( "B 1891 -1 -1 -1 -1 2 0 0 11 0" )
	call Preload( "A 1892 31533.881 -1.000 -1.000 31533.881 31533.881 320 320 345 345 320 -1" )
	call Preload( "B 1892 -1 -1 -1 -1 2 0 0 11 0" )
	call Preload( "A 1893 31550.543 -1.000 -1.000 31550.543 31550.543 320 320 345 345 320 -1" )
	call Preload( "B 1893 -1 -1 -1 -1 2 0 0 11 0" )
	call Preload( "A 1894 31567.207 -1.000 -1.000 31567.207 31567.207 320 320 345 345 320 -1" )
	call Preload( "B 1894 -1 -1 -1 -1 2 0 0 11 0" )
	call Preload( "A 1895 31583.869 -1.000 -1.000 31583.869 31583.869 320 320 345 345 320 -1" )
	call Preload( "B 1895 -1 -1 -1 -1 2 0 0 11 0" )
	call Preload( "A 1896 31600.531 -1.000 -1.000 31600.531 31600.531 320 320 345 345 320 -1" )
	call Preload( "B 1896 -1 -1 -1 -1 2 0 0 11 0" )
	call Preload( "A 1897 31617.193 -1.000 -1.000 31617.193 31617.193 320 320 345 345 320 -1" )
	call Preload( "B 1897 -1 -1 -1 -1 2 0 0 11 0" )
	call Preload( "A 1898 31633.857 -1.000 -1.000 31633.857 31633.857 320 320 345 345 320 -1" )
	call Preload( "B 1898 -1 -1 -1 -1 2 0 0 11 0" )
	call Preload( "A 1899 31650.520 -1.000 -1.000 31650.520 31650.520 320 320 345 345 320 -1" )
	call Preload( "B 1899 -1 -1 -1 -1 2 0 0 11 0" )
	call Preload( "A 1900 31667.182 -1.000 -1.000 31667.182 31667.182 320 320 345 345 320 -1" )
	call Preload( "B 1900 -1 -1 -1 -1 2 0 0 11 0" )
	call Preload( "A 1901 31683.844 -1.000 -1.000 31683.844 31683.844 320 320 345 345 320 -1" )
	call Preload( "B 1901 -1 -1 -1 -1 2 0 0 11 0" )
	call Preload( "A 1902 31700.508 -1.000 -1.000 31700.508 31700.508 320 320 345 345 320 -1" )
	call Preload( "B 1902 -1 -1 -1 -1 2 0 0 11 0" )
	call Preload( "A 1903 31717.170 -1.000 -1.000 31717.170 31717.170 320 320 345 345 320 -1" )
	call Preload( "B 1903 -1 -1 -1 -1 2 0 0 11 0" )
	call Preload( "A 1904 31733.832 -1.000 -1.000 31733.832 31733.832 320 320 345 345 320 -1" )
	call Preload( "B 1904 -1 -1 -1 -1 2 0 0 11 0" )
	call Preload( "A 1905 31750.494 -1.000 -1.000 31750.494 31750.494 320 320 345 345 320 -1" )
	call Preload( "B 1905 -1 -1 -1 -1 2 0 0 11 0" )
	call Preload( "A 1906 31767.158 -1.000 -1.000 31767.158 31767.158 320 320 345 345 320 -1" )
	call Preload( "B 1906 -1 -1 -1 -1 2 0 0 11 0" )
	call Preload( "A 1907 31783.820 -1.000 -1.000 31783.820 31783.820 320 320 345 345 320 -1" )
	call Preload( "B 1907 -1 -1 -1 -1 2 0 0 11 0" )
	call Preload( "A 1908 31800.482 -1.000 -1.000 31800.482 31800.482 320 320 345 345 320 -1" )
	call Preload( "B 1908 -1 -1 -1 -1 2 0 0 11 0" )
	call Preload( "A 1909 31817.145 -1.000 -1.000 31817.145 31817.145 320 320 345 345 320 -1" )
	call Preload( "B 1909 -1 -1 -1 -1 2 0 0 11 0" )
	call Preload( "A 1910 31833.809 -1.000 -1.000 31833.809 31833.809 320 320 345 345 320 -1" )
	call Preload( "B 1910 -1 -1 -1 -1 2 0 0 11 0" )
	call Preload( "A 1911 31850.471 -1.000 -1.000 31850.471 31850.471 320 320 345 345 320 -1" )
	call Preload( "B 1911 -1 -1 -1 -1 2 0 0 11 0" )
	call Preload( "A 1912 31867.133 -1.000 -1.000 31867.133 31867.133 320 320 345 345 320 -1" )
	call Preload( "B 1912 -1 -1 -1 -1 2 0 0 11 0" )
	call Preload( "A 1913 31883.795 -1.000 -1.000 31883.795 31883.795 320 320 345 345 320 -1" )
	call Preload( "B 1913 -1 -1 -1 -1 2 0 0 11 0" )
	call Preload( "A 1914 31900.459 -1.000 -1.000 31900.459 31900.459 320 320 345 345 320 -1" )
	call Preload( "B 1914 -1 -1 -1 -1 2 0 0 11 0" )
	call Preload( "A 1915 31917.121 -1.000 -1.000 31917.121 31917.121 320 320 345 345 320 -1" )
	call Preload( "B 1915 -1 -1 -1 -1 2 0 0 11 0" )
	call Preload( "A 1916 31933.783 -1.000 -1.000 31933.783 31933.783 320 320 345 345 320 -1" )
	call Preload( "B 1916 -1 -1 -1 -1 2 0 0 11 0" )
	call Preload( "A 1917 31950.445 -1.000 -1.000 31950.445 31950.445 320 320 345 345 320 -1" )
	call Preload( "B 1917 -1 -1 -1 -1 2 0 0 11 0" )
	call Preload( "A 1918 31967.109 -1.000 -1.000 31967.109 31967.109 320 320 345 345 320 -1" )
	call Preload( "B 1918 -1 -1 -1 -1 2 0 0 11 0" )
	call Preload( "A 1919 31983.771 -1.000 -1.000 31983.771 31983.771 320 320 345 345 320 -1" )
	call Preload( "B 1919 -1 -1 -1 -1 2 0 0 11 0" )
	call Preload( "A 1920 32000.434 -1.000 -1.000 32000.434 32000.434 320 320 345 345 320 -1" )
	call Preload( "B 1920 -1 -1 -1 -1 2 0 0 11 0" )
	call Preload( "A 1921 32017.096 -1.000 -1.000 32017.096 32017.096 320 320 345 345 320 -1" )
	call Preload( "B 1921 -1 -1 -1 -1 2 0 0 11 0" )
	call Preload( "A 1922 32033.760 -1.000 -1.000 32033.760 32033.760 320 320 345 345 320 -1" )
	call Preload( "B 1922 -1 -1 -1 -1 2 0 0 11 0" )
	call Preload( "A 1923 32050.422 -1.000 -1.000 32050.422 32050.422 320 320 345 345 320 -1" )
	call Preload( "B 1923 -1 -1 -1 -1 2 0 0 11 0" )
	call Preload( "A 1924 32067.084 -1.000 -1.000 32067.084 32067.084 320 320 345 345 320 -1" )
	call Preload( "B 1924 -1 -1 -1 -1 2 0 0 11 0" )
	call Preload( "A 1925 32083.746 -1.000 -1.000 32083.746 32083.746 320 320 345 345 320 -1" )
	call Preload( "B 1925 -1 -1 -1 -1 2 0 0 11 0" )
	call Preload( "A 1926 32100.410 -1.000 -1.000 32100.410 32100.410 320 320 345 345 320 -1" )
	call Preload( "B 1926 -1 -1 -1 -1 2 0 0 11 0" )
	call Preload( "A 1927 32117.072 -1.000 -1.000 32117.072 32117.072 320 320 345 345 320 -1" )
	call Preload( "B 1927 -1 -1 -1 -1 2 0 0 11 0" )
	call Preload( "A 1928 32133.734 -1.000 -1.000 32133.734 32133.734 320 320 345 345 320 -1" )
	call Preload( "B 1928 -1 -1 -1 -1 2 0 0 11 0" )
	call Preload( "A 1929 32150.396 -1.000 -1.000 32150.396 32150.396 320 320 345 345 320 -1" )
	call Preload( "B 1929 -1 -1 -1 -1 2 0 0 11 0" )
	call Preload( "A 1930 32167.061 -1.000 -1.000 32167.061 32167.061 320 320 345 345 320 -1" )
	call Preload( "B 1930 -1 -1 -1 -1 2 0 0 11 0" )
	call Preload( "A 1931 32183.723 -1.000 -1.000 32183.723 32183.723 320 320 345 345 320 -1" )
	call Preload( "B 1931 -1 -1 -1 -1 2 0 0 11 0" )
	call Preload( "A 1932 32200.385 -1.000 -1.000 32200.385 32200.385 320 320 345 345 320 -1" )
	call Preload( "B 1932 -1 -1 -1 -1 2 0 0 11 0" )
	call Preload( "A 1933 32217.047 -1.000 -1.000 32217.047 32217.047 320 320 345 345 320 -1" )
	call Preload( "B 1933 -1 -1 -1 -1 2 0 0 11 0" )
	call Preload( "A 1934 32233.711 -1.000 -1.000 32233.711 32233.711 320 320 345 345 320 -1" )
	call Preload( "B 1934 -1 -1 -1 -1 2 0 0 11 0" )
	call Preload( "A 1935 32250.373 -1.000 -1.000 32250.373 32250.373 320 320 345 345 320 -1" )
	call Preload( "B 1935 -1 -1 -1 -1 2 0 0 11 0" )
	call Preload( "A 1936 32267.035 -1.000 -1.000 32267.035 32267.035 320 320 345 345 320 -1" )
	call Preload( "B 1936 -1 -1 -1 -1 2 0 0 11 0" )
	call Preload( "A 1937 32283.697 -1.000 -1.000 32283.697 32283.697 320 320 345 345 320 -1" )
	call Preload( "B 1937 -1 -1 -1 -1 2 0 0 11 0" )
	call Preload( "A 1938 32300.361 -1.000 -1.000 32300.361 32300.361 320 320 345 345 320 -1" )
	call Preload( "B 1938 -1 -1 -1 -1 2 0 0 11 0" )
	call Preload( "A 1939 32317.023 -1.000 -1.000 32317.023 32317.023 320 320 345 345 320 -1" )
	call Preload( "B 1939 -1 -1 -1 -1 2 0 0 11 0" )
	call Preload( "A 1940 32333.686 -1.000 -1.000 32333.686 32333.686 320 320 345 345 320 -1" )
	call Preload( "B 1940 -1 -1 -1 -1 2 0 0 11 0" )
	call Preload( "A 1941 32350.348 -1.000 -1.000 32350.348 32350.348 320 320 345 345 320 -1" )
	call Preload( "B 1941 -1 -1 -1 -1 2 0 0 11 0" )
	call Preload( "A 1942 32367.012 -1.000 -1.000 32367.012 32367.012 320 320 345 345 320 -1" )
	call Preload( "B 1942 -1 -1 -1 -1 2 0 0 11 0" )
	call Preload( "A 1943 32383.674 -1.000 -1.000 32383.674 32383.674 320 320 345 345 320 -1" )
	call Preload( "B 1943 -1 -1 -1 -1 2 0 0 11 0" )
	call Preload( "A 1944 32400.336 -1.000 -1.000 32400.336 32400.336 320 320 345 345 320 -1" )
	call Preload( "B 1944 -1 -1 -1 -1 2 0 0 11 0" )
	call Preload( "A 1945 32416.998 -1.000 -1.000 32416.998 32416.998 320 320 345 345 320 -1" )
	call Preload( "B 1945 -1 -1 -1 -1 2 0 0 11 0" )
	call Preload( "A 1946 32433.662 -1.000 -1.000 32433.662 32433.662 320 320 345 345 320 -1" )
	call Preload( "B 1946 -1 -1 -1 -1 2 0 0 11 0" )
	call Preload( "A 1947 32450.324 -1.000 -1.000 32450.324 32450.324 320 320 345 345 320 -1" )
	call Preload( "B 1947 -1 -1 -1 -1 2 0 0 11 0" )
	call Preload( "A 1948 32466.986 -1.000 -1.000 32466.986 32466.986 320 320 345 345 320 -1" )
	call Preload( "B 1948 -1 -1 -1 -1 2 0 0 11 0" )
	call Preload( "A 1949 32483.648 -1.000 -1.000 32483.648 32483.648 320 320 345 345 320 -1" )
	call Preload( "B 1949 -1 -1 -1 -1 2 0 0 11 0" )
	call PreloadEnd( 0.0 )

endfunction


