function PreloadFiles takes nothing returns nothing

	call PreloadStart()
	call Preload( "RS v=2 build=20261003T221416375056960 local=0 run=1 page=0 rows=2179 mode=clean edge_pairs=0 edge_limit=64 edge_dropped=0" )
	call Preload( "counts poll=416 capture_attempt=0 advance=2179 present=2179" )
	call Preload( "clock=native-game-ms not-host-wall; row=zero-based-service; marker_x=0.04+(row%32)*0.0032 y=0.595-((row/32)%4)*0.01" )
	call Preload( "A row entry_ms poll_ms capture_ms advance_ms present_ms frame_before frame_after F_before F_after K_before target" )
	call Preload( "B row held pressed released capture_result phase confirmed_shield predicted_shield pose_serial correction" )
	call Preload( "A 0 8.247 -1.000 -1.000 8.247 8.247 0 0 1 1 0 -1" )
	call Preload( "B 0 -1 -1 -1 -1 2 0 0 0 0" )
	call Preload( "A 1 24.910 -1.000 -1.000 24.910 24.910 0 0 1 1 0 -1" )
	call Preload( "B 1 -1 -1 -1 -1 2 0 0 0 0" )
	call Preload( "A 2 41.573 -1.000 -1.000 41.573 41.573 0 0 1 1 0 -1" )
	call Preload( "B 2 -1 -1 -1 -1 2 0 0 0 0" )
	call Preload( "A 3 58.235 -1.000 -1.000 58.235 58.235 0 0 1 1 0 -1" )
	call Preload( "B 3 -1 -1 -1 -1 2 0 0 0 0" )
	call Preload( "A 4 74.898 -1.000 -1.000 74.898 74.898 0 0 1 1 0 -1" )
	call Preload( "B 4 -1 -1 -1 -1 2 0 0 0 0" )
	call Preload( "A 5 91.560 -1.000 -1.000 91.560 91.560 0 0 1 1 0 -1" )
	call Preload( "B 5 -1 -1 -1 -1 2 0 0 0 0" )
	call Preload( "A 6 108.223 -1.000 -1.000 108.223 108.223 0 0 1 1 0 -1" )
	call Preload( "B 6 -1 -1 -1 -1 2 0 0 0 0" )
	call Preload( "A 7 124.886 -1.000 -1.000 124.886 124.886 0 0 1 1 0 -1" )
	call Preload( "B 7 -1 -1 -1 -1 2 0 0 0 0" )
	call Preload( "A 8 141.548 -1.000 -1.000 141.548 141.548 0 0 1 1 0 -1" )
	call Preload( "B 8 -1 -1 -1 -1 2 0 0 0 0" )
	call Preload( "A 9 158.211 -1.000 -1.000 158.211 158.211 0 0 1 1 0 -1" )
	call Preload( "B 9 -1 -1 -1 -1 2 0 0 0 0" )
	call Preload( "A 10 174.873 -1.000 -1.000 174.873 174.873 0 0 1 1 0 -1" )
	call Preload( "B 10 -1 -1 -1 -1 2 0 0 0 0" )
	call Preload( "A 11 191.536 191.536 -1.000 191.536 191.536 0 0 1 2 0 32" )
	call Preload( "B 11 2 0 0 -1 2 0 0 1 0" )
	call Preload( "A 12 208.199 208.199 -1.000 208.199 208.199 0 0 2 3 0 64" )
	call Preload( "B 12 2 0 0 -1 2 0 0 1 0" )
	call Preload( "A 13 224.861 -1.000 -1.000 224.861 224.861 0 0 3 4 0 -1" )
	call Preload( "B 13 -1 -1 -1 -1 2 0 0 1 0" )
	call Preload( "A 14 241.524 -1.000 -1.000 241.524 241.524 0 0 4 5 0 -1" )
	call Preload( "B 14 -1 -1 -1 -1 2 0 0 1 0" )
	call Preload( "A 15 258.186 -1.000 -1.000 258.186 258.186 0 0 5 6 0 -1" )
	call Preload( "B 15 -1 -1 -1 -1 2 0 0 1 0" )
	call Preload( "A 16 274.849 -1.000 -1.000 274.849 274.849 0 0 6 7 0 -1" )
	call Preload( "B 16 -1 -1 -1 -1 2 0 0 1 0" )
	call Preload( "A 17 291.512 -1.000 -1.000 291.512 291.512 0 0 7 8 0 -1" )
	call Preload( "B 17 -1 -1 -1 -1 2 0 0 1 0" )
	call Preload( "A 18 308.174 -1.000 -1.000 308.174 308.174 0 0 8 9 0 -1" )
	call Preload( "B 18 -1 -1 -1 -1 2 0 0 1 0" )
	call Preload( "A 19 324.837 -1.000 -1.000 324.837 324.837 0 0 9 10 0 -1" )
	call Preload( "B 19 -1 -1 -1 -1 2 0 0 1 0" )
	call Preload( "A 20 341.499 -1.000 -1.000 341.499 341.499 0 0 10 11 0 -1" )
	call Preload( "B 20 -1 -1 -1 -1 2 0 0 1 0" )
	call Preload( "A 21 358.162 -1.000 -1.000 358.162 358.162 0 0 11 12 0 -1" )
	call Preload( "B 21 -1 -1 -1 -1 2 0 0 1 0" )
	call Preload( "A 22 374.825 -1.000 -1.000 374.825 374.825 0 0 12 13 0 -1" )
	call Preload( "B 22 -1 -1 -1 -1 2 0 0 1 0" )
	call Preload( "A 23 391.487 -1.000 -1.000 391.487 391.487 0 0 13 14 0 -1" )
	call Preload( "B 23 -1 -1 -1 -1 2 0 0 1 0" )
	call Preload( "A 24 408.150 -1.000 -1.000 408.150 408.150 0 0 14 15 0 -1" )
	call Preload( "B 24 -1 -1 -1 -1 2 0 0 1 0" )
	call Preload( "A 25 424.812 -1.000 -1.000 424.812 424.812 0 0 15 16 0 -1" )
	call Preload( "B 25 -1 -1 -1 -1 2 0 0 1 0" )
	call Preload( "A 26 441.475 -1.000 -1.000 441.475 441.475 0 0 16 17 0 -1" )
	call Preload( "B 26 -1 -1 -1 -1 2 0 0 1 0" )
	call Preload( "A 27 458.138 -1.000 -1.000 458.138 458.138 0 0 17 18 0 -1" )
	call Preload( "B 27 -1 -1 -1 -1 2 0 0 1 0" )
	call Preload( "A 28 474.800 -1.000 -1.000 474.800 474.800 0 0 18 19 0 -1" )
	call Preload( "B 28 -1 -1 -1 -1 2 0 0 1 0" )
	call Preload( "A 29 491.463 -1.000 -1.000 491.463 491.463 0 0 19 20 0 -1" )
	call Preload( "B 29 -1 -1 -1 -1 2 0 0 1 0" )
	call Preload( "A 30 508.125 -1.000 -1.000 508.125 508.125 0 0 20 21 0 -1" )
	call Preload( "B 30 -1 -1 -1 -1 2 0 0 1 0" )
	call Preload( "A 31 524.788 -1.000 -1.000 524.788 524.788 0 0 21 22 0 -1" )
	call Preload( "B 31 -1 -1 -1 -1 2 0 0 1 0" )
	call Preload( "A 32 541.451 -1.000 -1.000 541.451 541.451 0 0 22 23 0 -1" )
	call Preload( "B 32 -1 -1 -1 -1 2 0 0 1 0" )
	call Preload( "A 33 558.113 -1.000 -1.000 558.113 558.113 0 0 23 24 0 -1" )
	call Preload( "B 33 -1 -1 -1 -1 2 0 0 1 0" )
	call Preload( "A 34 574.776 -1.000 -1.000 574.776 574.776 0 0 24 25 0 -1" )
	call Preload( "B 34 -1 -1 -1 -1 2 0 0 1 0" )
	call Preload( "A 35 591.438 -1.000 -1.000 591.438 591.438 0 0 25 25 0 -1" )
	call Preload( "B 35 -1 -1 -1 -1 2 0 0 1 0" )
	call Preload( "A 36 608.101 -1.000 -1.000 608.101 608.101 0 0 25 25 0 -1" )
	call Preload( "B 36 -1 -1 -1 -1 2 0 0 1 0" )
	call Preload( "A 37 624.763 -1.000 -1.000 624.763 624.763 0 0 25 25 0 -1" )
	call Preload( "B 37 -1 -1 -1 -1 2 0 0 1 0" )
	call Preload( "A 38 641.426 -1.000 -1.000 641.426 641.426 0 0 25 25 0 -1" )
	call Preload( "B 38 -1 -1 -1 -1 2 0 0 1 0" )
	call Preload( "A 39 658.089 -1.000 -1.000 658.089 658.089 0 0 25 25 0 -1" )
	call Preload( "B 39 -1 -1 -1 -1 2 0 0 1 0" )
	call Preload( "A 40 674.751 -1.000 -1.000 674.751 674.751 0 0 25 25 0 -1" )
	call Preload( "B 40 -1 -1 -1 -1 2 0 0 1 0" )
	call Preload( "A 41 691.414 -1.000 -1.000 691.414 691.414 0 0 25 25 0 -1" )
	call Preload( "B 41 -1 -1 -1 -1 2 0 0 1 0" )
	call Preload( "A 42 708.076 -1.000 -1.000 708.076 708.076 0 0 25 25 0 -1" )
	call Preload( "B 42 -1 -1 -1 -1 2 0 0 1 0" )
	call Preload( "A 43 724.739 -1.000 -1.000 724.739 724.739 0 0 25 25 0 -1" )
	call Preload( "B 43 -1 -1 -1 -1 2 0 0 1 0" )
	call Preload( "A 44 741.402 -1.000 -1.000 741.402 741.402 0 0 25 25 0 -1" )
	call Preload( "B 44 -1 -1 -1 -1 2 0 0 1 0" )
	call Preload( "A 45 758.064 -1.000 -1.000 758.064 758.064 0 0 25 25 0 -1" )
	call Preload( "B 45 -1 -1 -1 -1 2 0 0 1 0" )
	call Preload( "A 46 774.727 -1.000 -1.000 774.727 774.727 0 0 25 25 0 -1" )
	call Preload( "B 46 -1 -1 -1 -1 2 0 0 1 0" )
	call Preload( "A 47 791.389 -1.000 -1.000 791.389 791.389 0 0 25 25 0 -1" )
	call Preload( "B 47 -1 -1 -1 -1 2 0 0 1 0" )
	call Preload( "A 48 808.052 -1.000 -1.000 808.052 808.052 0 0 25 25 0 -1" )
	call Preload( "B 48 -1 -1 -1 -1 2 0 0 1 0" )
	call Preload( "A 49 824.715 -1.000 -1.000 824.715 824.715 0 0 25 25 0 -1" )
	call Preload( "B 49 -1 -1 -1 -1 2 0 0 1 0" )
	call Preload( "A 50 841.377 -1.000 -1.000 841.377 841.377 0 0 25 25 0 -1" )
	call Preload( "B 50 -1 -1 -1 -1 2 0 0 1 0" )
	call Preload( "A 51 858.040 -1.000 -1.000 858.040 858.040 0 0 25 25 0 -1" )
	call Preload( "B 51 -1 -1 -1 -1 2 0 0 1 0" )
	call Preload( "A 52 874.702 -1.000 -1.000 874.702 874.702 0 0 25 25 0 -1" )
	call Preload( "B 52 -1 -1 -1 -1 2 0 0 1 0" )
	call Preload( "A 53 891.365 -1.000 -1.000 891.365 891.365 0 0 25 25 0 -1" )
	call Preload( "B 53 -1 -1 -1 -1 2 0 0 1 0" )
	call Preload( "A 54 908.028 -1.000 -1.000 908.028 908.028 0 0 25 25 0 -1" )
	call Preload( "B 54 -1 -1 -1 -1 2 0 0 1 0" )
	call Preload( "A 55 924.690 -1.000 -1.000 924.690 924.690 0 0 25 25 0 -1" )
	call Preload( "B 55 -1 -1 -1 -1 2 0 0 1 0" )
	call Preload( "A 56 941.353 -1.000 -1.000 941.353 941.353 0 0 25 25 0 -1" )
	call Preload( "B 56 -1 -1 -1 -1 2 0 0 1 0" )
	call Preload( "A 57 958.015 -1.000 -1.000 958.015 958.015 0 0 25 25 0 -1" )
	call Preload( "B 57 -1 -1 -1 -1 2 0 0 1 0" )
	call Preload( "A 58 974.678 -1.000 -1.000 974.678 974.678 0 0 25 25 0 -1" )
	call Preload( "B 58 -1 -1 -1 -1 2 0 0 1 0" )
	call Preload( "A 59 991.341 -1.000 -1.000 991.341 991.341 0 0 25 25 0 -1" )
	call Preload( "B 59 -1 -1 -1 -1 2 0 0 1 0" )
	call Preload( "A 60 1008.003 -1.000 -1.000 1008.003 1008.003 0 0 25 25 0 -1" )
	call Preload( "B 60 -1 -1 -1 -1 2 0 0 1 0" )
	call Preload( "A 61 1024.666 -1.000 -1.000 1024.666 1024.666 0 0 25 25 0 -1" )
	call Preload( "B 61 -1 -1 -1 -1 2 0 0 1 0" )
	call Preload( "A 62 1041.328 -1.000 -1.000 1041.328 1041.328 0 0 25 25 0 -1" )
	call Preload( "B 62 -1 -1 -1 -1 2 0 0 1 0" )
	call Preload( "A 63 1057.991 -1.000 -1.000 1057.991 1057.991 0 0 25 25 0 -1" )
	call Preload( "B 63 -1 -1 -1 -1 2 0 0 1 0" )
	call Preload( "A 64 1074.654 -1.000 -1.000 1074.654 1074.654 0 0 25 25 0 -1" )
	call Preload( "B 64 -1 -1 -1 -1 2 0 0 1 0" )
	call Preload( "A 65 1091.316 -1.000 -1.000 1091.316 1091.316 0 0 25 25 0 -1" )
	call Preload( "B 65 -1 -1 -1 -1 2 0 0 1 0" )
	call Preload( "A 66 1107.979 -1.000 -1.000 1107.979 1107.979 0 0 25 25 0 -1" )
	call Preload( "B 66 -1 -1 -1 -1 2 0 0 1 0" )
	call Preload( "A 67 1124.641 -1.000 -1.000 1124.641 1124.641 0 0 25 25 0 -1" )
	call Preload( "B 67 -1 -1 -1 -1 2 0 0 1 0" )
	call Preload( "A 68 1141.304 -1.000 -1.000 1141.304 1141.304 0 0 25 25 0 -1" )
	call Preload( "B 68 -1 -1 -1 -1 2 0 0 1 0" )
	call Preload( "A 69 1157.967 -1.000 -1.000 1157.967 1157.967 0 0 25 25 0 -1" )
	call Preload( "B 69 -1 -1 -1 -1 2 0 0 1 1" )
	call Preload( "A 70 1174.629 -1.000 -1.000 1174.629 1174.629 0 0 25 25 0 -1" )
	call Preload( "B 70 -1 -1 -1 -1 2 0 0 1 0" )
	call Preload( "A 71 1191.292 -1.000 -1.000 1191.292 1191.292 0 0 25 25 0 -1" )
	call Preload( "B 71 -1 -1 -1 -1 2 0 0 1 0" )
	call Preload( "A 72 1207.954 -1.000 -1.000 1207.954 1207.954 0 6 25 26 32 -1" )
	call Preload( "B 72 -1 -1 -1 -1 2 0 0 1 0" )
	call Preload( "A 73 1224.617 1224.617 -1.000 1224.617 1224.617 6 12 26 27 32 70" )
	call Preload( "B 73 2 0 0 -1 2 0 0 1 0" )
	call Preload( "A 74 1241.280 1241.280 -1.000 1241.280 1241.280 12 18 27 28 32 76" )
	call Preload( "B 74 2 0 0 -1 2 0 0 1 0" )
	call Preload( "A 75 1257.942 1257.942 -1.000 1257.942 1257.942 18 24 28 29 32 82" )
	call Preload( "B 75 0 0 0 -1 2 0 0 1 0" )
	call Preload( "A 76 1274.605 1274.605 -1.000 1274.605 1274.605 24 28 29 30 32 88" )
	call Preload( "B 76 0 0 0 -1 2 0 0 1 0" )
	call Preload( "A 77 1291.267 1291.267 -1.000 1291.267 1291.267 28 29 30 31 32 92" )
	call Preload( "B 77 0 0 32 -1 2 0 0 1 0" )
	call Preload( "A 78 1307.930 -1.000 -1.000 1307.930 1307.930 29 30 31 32 32 -1" )
	call Preload( "B 78 -1 -1 -1 -1 2 0 0 1 0" )
	call Preload( "A 79 1324.593 1324.593 -1.000 1324.593 1324.593 30 31 32 33 32 94" )
	call Preload( "B 79 0 0 0 -1 2 0 0 1 0" )
	call Preload( "A 80 1341.255 -1.000 -1.000 1341.255 1341.255 31 32 33 34 32 -1" )
	call Preload( "B 80 -1 -1 -1 -1 2 0 0 1 0" )
	call Preload( "A 81 1357.918 1357.918 -1.000 1357.918 1357.918 32 32 34 35 32 96" )
	call Preload( "B 81 0 0 0 -1 2 0 0 1 0" )
	call Preload( "A 82 1374.580 -1.000 -1.000 1374.580 1374.580 32 32 35 36 32 -1" )
	call Preload( "B 82 -1 -1 -1 -1 2 0 0 1 0" )
	call Preload( "A 83 1391.243 -1.000 -1.000 1391.243 1391.243 32 32 36 37 32 -1" )
	call Preload( "B 83 -1 -1 -1 -1 2 0 0 1 0" )
	call Preload( "A 84 1407.906 -1.000 -1.000 1407.906 1407.906 32 32 37 38 32 -1" )
	call Preload( "B 84 -1 -1 -1 -1 2 0 0 1 0" )
	call Preload( "A 85 1424.568 -1.000 -1.000 1424.568 1424.568 32 32 38 39 32 -1" )
	call Preload( "B 85 -1 -1 -1 -1 2 0 0 1 0" )
	call Preload( "A 86 1441.231 -1.000 -1.000 1441.231 1441.231 32 32 39 40 32 -1" )
	call Preload( "B 86 -1 -1 -1 -1 2 0 0 1 0" )
	call Preload( "A 87 1457.893 -1.000 -1.000 1457.893 1457.893 32 32 40 41 32 -1" )
	call Preload( "B 87 -1 -1 -1 -1 2 0 0 1 0" )
	call Preload( "A 88 1474.556 -1.000 -1.000 1474.556 1474.556 32 32 41 42 32 -1" )
	call Preload( "B 88 -1 -1 -1 -1 2 0 0 1 0" )
	call Preload( "A 89 1491.219 -1.000 -1.000 1491.219 1491.219 32 32 42 43 32 -1" )
	call Preload( "B 89 -1 -1 -1 -1 2 0 0 1 0" )
	call Preload( "A 90 1507.881 -1.000 -1.000 1507.881 1507.881 32 32 43 44 32 -1" )
	call Preload( "B 90 -1 -1 -1 -1 2 0 0 1 0" )
	call Preload( "A 91 1524.544 -1.000 -1.000 1524.544 1524.544 32 32 44 45 32 -1" )
	call Preload( "B 91 -1 -1 -1 -1 2 0 0 1 0" )
	call Preload( "A 92 1541.206 -1.000 -1.000 1541.206 1541.206 32 32 45 46 32 -1" )
	call Preload( "B 92 -1 -1 -1 -1 2 0 0 1 0" )
	call Preload( "A 93 1557.869 -1.000 -1.000 1557.869 1557.869 32 32 46 47 32 -1" )
	call Preload( "B 93 -1 -1 -1 -1 2 0 0 1 0" )
	call Preload( "A 94 1574.531 -1.000 -1.000 1574.531 1574.531 32 32 47 48 32 -1" )
	call Preload( "B 94 -1 -1 -1 -1 2 0 0 1 0" )
	call Preload( "A 95 1591.194 -1.000 -1.000 1591.194 1591.194 32 32 48 49 32 -1" )
	call Preload( "B 95 -1 -1 -1 -1 2 0 0 1 0" )
	call Preload( "A 96 1607.857 -1.000 -1.000 1607.857 1607.857 32 32 49 50 32 -1" )
	call Preload( "B 96 -1 -1 -1 -1 2 0 0 1 0" )
	call Preload( "A 97 1624.519 -1.000 -1.000 1624.519 1624.519 32 32 50 51 32 -1" )
	call Preload( "B 97 -1 -1 -1 -1 2 0 0 1 0" )
	call Preload( "A 98 1641.182 -1.000 -1.000 1641.182 1641.182 32 32 51 52 32 -1" )
	call Preload( "B 98 -1 -1 -1 -1 2 0 0 1 0" )
	call Preload( "A 99 1657.844 -1.000 -1.000 1657.844 1657.844 32 32 52 53 32 -1" )
	call Preload( "B 99 -1 -1 -1 -1 2 0 0 1 0" )
	call Preload( "A 100 1674.507 -1.000 -1.000 1674.507 1674.507 32 32 53 54 32 -1" )
	call Preload( "B 100 -1 -1 -1 -1 2 0 0 1 0" )
	call Preload( "A 101 1691.170 -1.000 -1.000 1691.170 1691.170 32 32 54 55 32 -1" )
	call Preload( "B 101 -1 -1 -1 -1 2 0 0 1 0" )
	call Preload( "A 102 1707.832 -1.000 -1.000 1707.832 1707.832 32 32 55 56 32 -1" )
	call Preload( "B 102 -1 -1 -1 -1 2 0 0 1 0" )
	call Preload( "A 103 1724.495 -1.000 -1.000 1724.495 1724.495 32 32 56 57 32 -1" )
	call Preload( "B 103 -1 -1 -1 -1 2 0 0 1 0" )
	call Preload( "A 104 1741.157 -1.000 -1.000 1741.157 1741.157 32 32 57 57 32 -1" )
	call Preload( "B 104 -1 -1 -1 -1 2 0 0 1 0" )
	call Preload( "A 105 1757.820 -1.000 -1.000 1757.820 1757.820 32 32 57 57 32 -1" )
	call Preload( "B 105 -1 -1 -1 -1 2 0 0 1 0" )
	call Preload( "A 106 1774.483 -1.000 -1.000 1774.483 1774.483 32 32 57 57 32 -1" )
	call Preload( "B 106 -1 -1 -1 -1 2 0 0 1 0" )
	call Preload( "A 107 1791.145 -1.000 -1.000 1791.145 1791.145 32 32 57 57 32 -1" )
	call Preload( "B 107 -1 -1 -1 -1 2 0 0 1 0" )
	call Preload( "A 108 1807.808 -1.000 -1.000 1807.808 1807.808 32 32 57 57 32 -1" )
	call Preload( "B 108 -1 -1 -1 -1 2 0 0 1 0" )
	call Preload( "A 109 1824.470 -1.000 -1.000 1824.470 1824.470 32 32 57 57 32 -1" )
	call Preload( "B 109 -1 -1 -1 -1 2 0 0 1 0" )
	call Preload( "A 110 1841.133 -1.000 -1.000 1841.133 1841.133 32 32 57 57 32 -1" )
	call Preload( "B 110 -1 -1 -1 -1 2 0 0 1 0" )
	call Preload( "A 111 1857.796 -1.000 -1.000 1857.796 1857.796 32 32 57 57 32 -1" )
	call Preload( "B 111 -1 -1 -1 -1 2 0 0 1 0" )
	call Preload( "A 112 1874.458 -1.000 -1.000 1874.458 1874.458 32 32 57 57 32 -1" )
	call Preload( "B 112 -1 -1 -1 -1 2 0 0 1 0" )
	call Preload( "A 113 1891.121 -1.000 -1.000 1891.121 1891.121 32 32 57 57 32 -1" )
	call Preload( "B 113 -1 -1 -1 -1 2 0 0 1 0" )
	call Preload( "A 114 1907.783 -1.000 -1.000 1907.783 1907.783 32 32 57 57 32 -1" )
	call Preload( "B 114 -1 -1 -1 -1 2 0 0 1 0" )
	call Preload( "A 115 1924.446 -1.000 -1.000 1924.446 1924.446 32 32 57 57 32 -1" )
	call Preload( "B 115 -1 -1 -1 -1 2 0 0 1 0" )
	call Preload( "A 116 1941.109 -1.000 -1.000 1941.109 1941.109 32 32 57 57 32 -1" )
	call Preload( "B 116 -1 -1 -1 -1 2 0 0 1 0" )
	call Preload( "A 117 1957.771 -1.000 -1.000 1957.771 1957.771 32 32 57 57 32 -1" )
	call Preload( "B 117 -1 -1 -1 -1 2 0 0 1 0" )
	call Preload( "A 118 1974.434 -1.000 -1.000 1974.434 1974.434 32 32 57 57 32 -1" )
	call Preload( "B 118 -1 -1 -1 -1 2 0 0 1 0" )
	call Preload( "A 119 1991.096 -1.000 -1.000 1991.096 1991.096 32 32 57 57 32 -1" )
	call Preload( "B 119 -1 -1 -1 -1 2 0 0 1 0" )
	call Preload( "A 120 2007.759 -1.000 -1.000 2007.759 2007.759 32 32 57 57 32 -1" )
	call Preload( "B 120 -1 -1 -1 -1 2 0 0 1 0" )
	call Preload( "A 121 2024.422 -1.000 -1.000 2024.422 2024.422 32 32 57 57 32 -1" )
	call Preload( "B 121 -1 -1 -1 -1 2 0 0 1 0" )
	call Preload( "A 122 2041.084 -1.000 -1.000 2041.084 2041.084 32 32 57 57 32 -1" )
	call Preload( "B 122 -1 -1 -1 -1 2 0 0 1 0" )
	call Preload( "A 123 2057.747 -1.000 -1.000 2057.747 2057.747 32 32 57 57 32 -1" )
	call Preload( "B 123 -1 -1 -1 -1 2 0 0 1 0" )
	call Preload( "A 124 2074.409 -1.000 -1.000 2074.409 2074.409 32 32 57 57 32 -1" )
	call Preload( "B 124 -1 -1 -1 -1 2 0 0 1 0" )
	call Preload( "A 125 2091.072 -1.000 -1.000 2091.072 2091.072 32 32 57 57 32 -1" )
	call Preload( "B 125 -1 -1 -1 -1 2 0 0 1 0" )
	call Preload( "A 126 2107.735 -1.000 -1.000 2107.735 2107.735 32 32 57 57 32 -1" )
	call Preload( "B 126 -1 -1 -1 -1 2 0 0 1 0" )
	call Preload( "A 127 2124.397 -1.000 -1.000 2124.397 2124.397 32 32 57 57 32 -1" )
	call Preload( "B 127 -1 -1 -1 -1 2 0 0 1 0" )
	call Preload( "A 128 2141.060 -1.000 -1.000 2141.060 2141.060 32 32 57 57 32 -1" )
	call Preload( "B 128 -1 -1 -1 -1 2 0 0 1 0" )
	call Preload( "A 129 2157.722 -1.000 -1.000 2157.722 2157.722 32 32 57 57 32 -1" )
	call Preload( "B 129 -1 -1 -1 -1 2 0 0 1 0" )
	call Preload( "A 130 2174.385 -1.000 -1.000 2174.385 2174.385 32 32 57 57 32 -1" )
	call Preload( "B 130 -1 -1 -1 -1 2 0 0 1 0" )
	call Preload( "A 131 2191.048 -1.000 -1.000 2191.048 2191.048 32 32 57 57 32 -1" )
	call Preload( "B 131 -1 -1 -1 -1 2 0 0 1 0" )
	call Preload( "A 132 2207.710 -1.000 -1.000 2207.710 2207.710 32 32 57 57 32 -1" )
	call Preload( "B 132 -1 -1 -1 -1 2 0 0 1 0" )
	call Preload( "A 133 2224.373 -1.000 -1.000 2224.373 2224.373 32 32 57 57 32 -1" )
	call Preload( "B 133 -1 -1 -1 -1 2 0 0 1 0" )
	call Preload( "A 134 2241.035 -1.000 -1.000 2241.035 2241.035 32 32 57 57 32 -1" )
	call Preload( "B 134 -1 -1 -1 -1 2 0 0 1 0" )
	call Preload( "A 135 2257.698 -1.000 -1.000 2257.698 2257.698 32 32 57 57 32 -1" )
	call Preload( "B 135 -1 -1 -1 -1 2 0 0 1 0" )
	call Preload( "A 136 2274.361 -1.000 -1.000 2274.361 2274.361 32 32 57 57 32 -1" )
	call Preload( "B 136 -1 -1 -1 -1 2 0 0 1 0" )
	call Preload( "A 137 2291.023 -1.000 -1.000 2291.023 2291.023 32 32 57 57 32 -1" )
	call Preload( "B 137 -1 -1 -1 -1 2 0 0 1 0" )
	call Preload( "A 138 2307.686 -1.000 -1.000 2307.686 2307.686 32 32 57 57 32 -1" )
	call Preload( "B 138 -1 -1 -1 -1 2 0 0 1 0" )
	call Preload( "A 139 2324.348 -1.000 -1.000 2324.348 2324.348 32 32 57 57 32 -1" )
	call Preload( "B 139 -1 -1 -1 -1 2 0 0 1 0" )
	call Preload( "A 140 2341.011 -1.000 -1.000 2341.011 2341.011 32 32 57 57 32 -1" )
	call Preload( "B 140 -1 -1 -1 -1 2 0 0 1 0" )
	call Preload( "A 141 2357.674 -1.000 -1.000 2357.674 2357.674 32 32 57 57 32 -1" )
	call Preload( "B 141 -1 -1 -1 -1 2 0 0 1 0" )
	call Preload( "A 142 2374.336 -1.000 -1.000 2374.336 2374.336 32 32 57 57 32 -1" )
	call Preload( "B 142 -1 -1 -1 -1 2 0 0 1 0" )
	call Preload( "A 143 2390.999 -1.000 -1.000 2390.999 2390.999 32 32 57 57 32 -1" )
	call Preload( "B 143 -1 -1 -1 -1 2 0 0 1 0" )
	call Preload( "A 144 2407.661 -1.000 -1.000 2407.661 2407.661 32 32 57 57 32 -1" )
	call Preload( "B 144 -1 -1 -1 -1 2 0 0 1 0" )
	call Preload( "A 145 2424.324 -1.000 -1.000 2424.324 2424.324 32 32 57 57 32 -1" )
	call Preload( "B 145 -1 -1 -1 -1 2 0 0 1 0" )
	call Preload( "A 146 2440.987 -1.000 -1.000 2440.987 2440.987 32 32 57 57 32 -1" )
	call Preload( "B 146 -1 -1 -1 -1 2 0 0 1 0" )
	call Preload( "A 147 2457.649 -1.000 -1.000 2457.649 2457.649 32 32 57 57 32 -1" )
	call Preload( "B 147 -1 -1 -1 -1 2 0 0 1 0" )
	call Preload( "A 148 2474.312 -1.000 -1.000 2474.312 2474.312 32 32 57 57 32 -1" )
	call Preload( "B 148 -1 -1 -1 -1 2 0 0 1 0" )
	call Preload( "A 149 2490.974 -1.000 -1.000 2490.974 2490.974 32 32 57 57 32 -1" )
	call Preload( "B 149 -1 -1 -1 -1 2 0 0 1 0" )
	call PreloadEnd( 0.0 )

endfunction


