function PreloadFiles takes nothing returns nothing

	call PreloadStart()
	call Preload( "RS v=2 build=20261003T221416375056960 local=0 run=1 page=10 rows=2179 mode=clean edge_pairs=0 edge_limit=64 edge_dropped=0" )
	call Preload( "counts poll=416 capture_attempt=0 advance=2179 present=2179" )
	call Preload( "clock=native-game-ms not-host-wall; row=zero-based-service; marker_x=0.04+(row%32)*0.0032 y=0.595-((row/32)%4)*0.01" )
	call Preload( "A row entry_ms poll_ms capture_ms advance_ms present_ms frame_before frame_after F_before F_after K_before target" )
	call Preload( "B row held pressed released capture_result phase confirmed_shield predicted_shield pose_serial correction" )
	call Preload( "A 1500 25002.143 -1.000 -1.000 25002.143 25002.143 256 256 281 281 256 -1" )
	call Preload( "B 1500 -1 -1 -1 -1 2 0 0 10 0" )
	call Preload( "A 1501 25018.805 -1.000 -1.000 25018.805 25018.805 256 262 281 282 288 -1" )
	call Preload( "B 1501 -1 -1 -1 -1 2 0 0 10 0" )
	call Preload( "A 1502 25035.469 25035.469 -1.000 25035.469 25035.469 262 268 282 283 288 326" )
	call Preload( "B 1502 0 0 0 -1 2 0 0 10 0" )
	call Preload( "A 1503 25052.131 25052.131 -1.000 25052.131 25052.131 268 274 283 284 288 332" )
	call Preload( "B 1503 0 0 0 -1 2 0 0 10 0" )
	call Preload( "A 1504 25068.793 25068.793 -1.000 25068.793 25068.793 274 280 284 285 288 338" )
	call Preload( "B 1504 0 0 0 -1 2 0 0 10 0" )
	call Preload( "A 1505 25085.455 25085.455 -1.000 25085.455 25085.455 280 284 285 286 288 344" )
	call Preload( "B 1505 0 0 0 -1 2 0 0 10 0" )
	call Preload( "A 1506 25102.119 25102.119 -1.000 25102.119 25102.119 284 285 286 287 288 348" )
	call Preload( "B 1506 0 0 0 -1 2 0 0 10 0" )
	call Preload( "A 1507 25118.781 -1.000 -1.000 25118.781 25118.781 285 286 287 288 288 -1" )
	call Preload( "B 1507 -1 -1 -1 -1 2 0 0 10 0" )
	call Preload( "A 1508 25135.443 25135.443 -1.000 25135.443 25135.443 286 287 288 289 288 350" )
	call Preload( "B 1508 0 0 0 -1 2 0 0 10 0" )
	call Preload( "A 1509 25152.105 -1.000 -1.000 25152.105 25152.105 287 288 289 290 288 -1" )
	call Preload( "B 1509 -1 -1 -1 -1 2 0 0 10 0" )
	call Preload( "A 1510 25168.770 25168.770 -1.000 25168.770 25168.770 288 288 290 291 288 352" )
	call Preload( "B 1510 0 0 0 -1 2 0 0 10 0" )
	call Preload( "A 1511 25185.432 -1.000 -1.000 25185.432 25185.432 288 288 291 292 288 -1" )
	call Preload( "B 1511 -1 -1 -1 -1 2 0 0 10 0" )
	call Preload( "A 1512 25202.094 -1.000 -1.000 25202.094 25202.094 288 288 292 293 288 -1" )
	call Preload( "B 1512 -1 -1 -1 -1 2 0 0 10 0" )
	call Preload( "A 1513 25218.756 -1.000 -1.000 25218.756 25218.756 288 288 293 294 288 -1" )
	call Preload( "B 1513 -1 -1 -1 -1 2 0 0 10 0" )
	call Preload( "A 1514 25235.420 -1.000 -1.000 25235.420 25235.420 288 288 294 295 288 -1" )
	call Preload( "B 1514 -1 -1 -1 -1 2 0 0 10 0" )
	call Preload( "A 1515 25252.082 -1.000 -1.000 25252.082 25252.082 288 288 295 296 288 -1" )
	call Preload( "B 1515 -1 -1 -1 -1 2 0 0 10 0" )
	call Preload( "A 1516 25268.744 -1.000 -1.000 25268.744 25268.744 288 288 296 297 288 -1" )
	call Preload( "B 1516 -1 -1 -1 -1 2 0 0 10 0" )
	call Preload( "A 1517 25285.406 -1.000 -1.000 25285.406 25285.406 288 288 297 298 288 -1" )
	call Preload( "B 1517 -1 -1 -1 -1 2 0 0 10 0" )
	call Preload( "A 1518 25302.070 -1.000 -1.000 25302.070 25302.070 288 288 298 299 288 -1" )
	call Preload( "B 1518 -1 -1 -1 -1 2 0 0 10 0" )
	call Preload( "A 1519 25318.732 -1.000 -1.000 25318.732 25318.732 288 288 299 300 288 -1" )
	call Preload( "B 1519 -1 -1 -1 -1 2 0 0 10 0" )
	call Preload( "A 1520 25335.395 -1.000 -1.000 25335.395 25335.395 288 288 300 301 288 -1" )
	call Preload( "B 1520 -1 -1 -1 -1 2 0 0 10 0" )
	call Preload( "A 1521 25352.057 -1.000 -1.000 25352.057 25352.057 288 288 301 302 288 -1" )
	call Preload( "B 1521 -1 -1 -1 -1 2 0 0 10 0" )
	call Preload( "A 1522 25368.721 -1.000 -1.000 25368.721 25368.721 288 288 302 303 288 -1" )
	call Preload( "B 1522 -1 -1 -1 -1 2 0 0 10 0" )
	call Preload( "A 1523 25385.383 -1.000 -1.000 25385.383 25385.383 288 288 303 304 288 -1" )
	call Preload( "B 1523 -1 -1 -1 -1 2 0 0 10 0" )
	call Preload( "A 1524 25402.045 -1.000 -1.000 25402.045 25402.045 288 288 304 305 288 -1" )
	call Preload( "B 1524 -1 -1 -1 -1 2 0 0 10 0" )
	call Preload( "A 1525 25418.707 -1.000 -1.000 25418.707 25418.707 288 288 305 306 288 -1" )
	call Preload( "B 1525 -1 -1 -1 -1 2 0 0 10 0" )
	call Preload( "A 1526 25435.371 -1.000 -1.000 25435.371 25435.371 288 288 306 307 288 -1" )
	call Preload( "B 1526 -1 -1 -1 -1 2 0 0 10 0" )
	call Preload( "A 1527 25452.033 -1.000 -1.000 25452.033 25452.033 288 288 307 308 288 -1" )
	call Preload( "B 1527 -1 -1 -1 -1 2 0 0 11 0" )
	call Preload( "A 1528 25468.695 -1.000 -1.000 25468.695 25468.695 288 288 308 309 288 -1" )
	call Preload( "B 1528 -1 -1 -1 -1 2 0 0 11 0" )
	call Preload( "A 1529 25485.357 -1.000 -1.000 25485.357 25485.357 288 288 309 310 288 -1" )
	call Preload( "B 1529 -1 -1 -1 -1 2 0 0 11 0" )
	call Preload( "A 1530 25502.021 -1.000 -1.000 25502.021 25502.021 288 288 310 311 288 -1" )
	call Preload( "B 1530 -1 -1 -1 -1 2 0 0 11 0" )
	call Preload( "A 1531 25518.684 -1.000 -1.000 25518.684 25518.684 288 288 311 312 288 -1" )
	call Preload( "B 1531 -1 -1 -1 -1 2 0 0 11 0" )
	call Preload( "A 1532 25535.346 -1.000 -1.000 25535.346 25535.346 288 288 312 313 288 -1" )
	call Preload( "B 1532 -1 -1 -1 -1 2 0 0 11 0" )
	call Preload( "A 1533 25552.008 -1.000 -1.000 25552.008 25552.008 288 288 313 313 288 -1" )
	call Preload( "B 1533 -1 -1 -1 -1 2 0 0 11 0" )
	call Preload( "A 1534 25568.672 -1.000 -1.000 25568.672 25568.672 288 288 313 313 288 -1" )
	call Preload( "B 1534 -1 -1 -1 -1 2 0 0 11 0" )
	call Preload( "A 1535 25585.334 -1.000 -1.000 25585.334 25585.334 288 288 313 313 288 -1" )
	call Preload( "B 1535 -1 -1 -1 -1 2 0 0 11 0" )
	call Preload( "A 1536 25601.996 -1.000 -1.000 25601.996 25601.996 288 288 313 313 288 -1" )
	call Preload( "B 1536 -1 -1 -1 -1 2 0 0 11 0" )
	call Preload( "A 1537 25618.658 -1.000 -1.000 25618.658 25618.658 288 288 313 313 288 -1" )
	call Preload( "B 1537 -1 -1 -1 -1 2 0 0 11 0" )
	call Preload( "A 1538 25635.322 -1.000 -1.000 25635.322 25635.322 288 288 313 313 288 -1" )
	call Preload( "B 1538 -1 -1 -1 -1 2 0 0 11 0" )
	call Preload( "A 1539 25651.984 -1.000 -1.000 25651.984 25651.984 288 288 313 313 288 -1" )
	call Preload( "B 1539 -1 -1 -1 -1 2 0 0 11 0" )
	call Preload( "A 1540 25668.646 -1.000 -1.000 25668.646 25668.646 288 288 313 313 288 -1" )
	call Preload( "B 1540 -1 -1 -1 -1 2 0 0 11 0" )
	call Preload( "A 1541 25685.309 -1.000 -1.000 25685.309 25685.309 288 288 313 313 288 -1" )
	call Preload( "B 1541 -1 -1 -1 -1 2 0 0 11 0" )
	call Preload( "A 1542 25701.973 -1.000 -1.000 25701.973 25701.973 288 288 313 313 288 -1" )
	call Preload( "B 1542 -1 -1 -1 -1 2 0 0 11 0" )
	call Preload( "A 1543 25718.635 -1.000 -1.000 25718.635 25718.635 288 288 313 313 288 -1" )
	call Preload( "B 1543 -1 -1 -1 -1 2 0 0 11 0" )
	call Preload( "A 1544 25735.297 -1.000 -1.000 25735.297 25735.297 288 288 313 313 288 -1" )
	call Preload( "B 1544 -1 -1 -1 -1 2 0 0 11 0" )
	call Preload( "A 1545 25751.959 -1.000 -1.000 25751.959 25751.959 288 288 313 313 288 -1" )
	call Preload( "B 1545 -1 -1 -1 -1 2 0 0 11 0" )
	call Preload( "A 1546 25768.623 -1.000 -1.000 25768.623 25768.623 288 288 313 313 288 -1" )
	call Preload( "B 1546 -1 -1 -1 -1 2 0 0 11 0" )
	call Preload( "A 1547 25785.285 -1.000 -1.000 25785.285 25785.285 288 288 313 313 288 -1" )
	call Preload( "B 1547 -1 -1 -1 -1 2 0 0 11 0" )
	call Preload( "A 1548 25801.947 -1.000 -1.000 25801.947 25801.947 288 288 313 313 288 -1" )
	call Preload( "B 1548 -1 -1 -1 -1 2 0 0 11 0" )
	call Preload( "A 1549 25818.609 -1.000 -1.000 25818.609 25818.609 288 288 313 313 288 -1" )
	call Preload( "B 1549 -1 -1 -1 -1 2 0 0 11 0" )
	call Preload( "A 1550 25835.273 -1.000 -1.000 25835.273 25835.273 288 288 313 313 288 -1" )
	call Preload( "B 1550 -1 -1 -1 -1 2 0 0 11 0" )
	call Preload( "A 1551 25851.936 -1.000 -1.000 25851.936 25851.936 288 288 313 313 288 -1" )
	call Preload( "B 1551 -1 -1 -1 -1 2 0 0 11 0" )
	call Preload( "A 1552 25868.598 -1.000 -1.000 25868.598 25868.598 288 288 313 313 288 -1" )
	call Preload( "B 1552 -1 -1 -1 -1 2 0 0 11 0" )
	call Preload( "A 1553 25885.260 -1.000 -1.000 25885.260 25885.260 288 288 313 313 288 -1" )
	call Preload( "B 1553 -1 -1 -1 -1 2 0 0 11 0" )
	call Preload( "A 1554 25901.924 -1.000 -1.000 25901.924 25901.924 288 288 313 313 288 -1" )
	call Preload( "B 1554 -1 -1 -1 -1 2 0 0 11 0" )
	call Preload( "A 1555 25918.586 -1.000 -1.000 25918.586 25918.586 288 288 313 313 288 -1" )
	call Preload( "B 1555 -1 -1 -1 -1 2 0 0 11 0" )
	call Preload( "A 1556 25935.248 -1.000 -1.000 25935.248 25935.248 288 288 313 313 288 -1" )
	call Preload( "B 1556 -1 -1 -1 -1 2 0 0 11 0" )
	call Preload( "A 1557 25951.910 -1.000 -1.000 25951.910 25951.910 288 288 313 313 288 -1" )
	call Preload( "B 1557 -1 -1 -1 -1 2 0 0 11 0" )
	call Preload( "A 1558 25968.574 -1.000 -1.000 25968.574 25968.574 288 288 313 313 288 -1" )
	call Preload( "B 1558 -1 -1 -1 -1 2 0 0 11 0" )
	call Preload( "A 1559 25985.236 -1.000 -1.000 25985.236 25985.236 288 288 313 313 288 -1" )
	call Preload( "B 1559 -1 -1 -1 -1 2 0 0 11 0" )
	call Preload( "A 1560 26001.898 -1.000 -1.000 26001.898 26001.898 288 288 313 313 288 -1" )
	call Preload( "B 1560 -1 -1 -1 -1 2 0 0 11 0" )
	call Preload( "A 1561 26018.561 -1.000 -1.000 26018.561 26018.561 288 288 313 313 288 -1" )
	call Preload( "B 1561 -1 -1 -1 -1 2 0 0 11 0" )
	call Preload( "A 1562 26035.225 -1.000 -1.000 26035.225 26035.225 288 288 313 313 288 -1" )
	call Preload( "B 1562 -1 -1 -1 -1 2 0 0 11 0" )
	call Preload( "A 1563 26051.887 -1.000 -1.000 26051.887 26051.887 288 288 313 313 288 -1" )
	call Preload( "B 1563 -1 -1 -1 -1 2 0 0 11 0" )
	call Preload( "A 1564 26068.549 -1.000 -1.000 26068.549 26068.549 288 288 313 313 288 -1" )
	call Preload( "B 1564 -1 -1 -1 -1 2 0 0 11 0" )
	call Preload( "A 1565 26085.211 -1.000 -1.000 26085.211 26085.211 288 288 313 313 288 -1" )
	call Preload( "B 1565 -1 -1 -1 -1 2 0 0 11 0" )
	call Preload( "A 1566 26101.875 -1.000 -1.000 26101.875 26101.875 288 288 313 313 288 -1" )
	call Preload( "B 1566 -1 -1 -1 -1 2 0 0 11 0" )
	call Preload( "A 1567 26118.537 -1.000 -1.000 26118.537 26118.537 288 288 313 313 288 -1" )
	call Preload( "B 1567 -1 -1 -1 -1 2 0 0 11 0" )
	call Preload( "A 1568 26135.199 -1.000 -1.000 26135.199 26135.199 288 288 313 313 288 -1" )
	call Preload( "B 1568 -1 -1 -1 -1 2 0 0 11 0" )
	call Preload( "A 1569 26151.861 -1.000 -1.000 26151.861 26151.861 288 288 313 313 288 -1" )
	call Preload( "B 1569 -1 -1 -1 -1 2 0 0 11 0" )
	call Preload( "A 1570 26168.525 -1.000 -1.000 26168.525 26168.525 288 288 313 313 288 -1" )
	call Preload( "B 1570 -1 -1 -1 -1 2 0 0 11 0" )
	call Preload( "A 1571 26185.188 -1.000 -1.000 26185.188 26185.188 288 288 313 313 288 -1" )
	call Preload( "B 1571 -1 -1 -1 -1 2 0 0 11 0" )
	call Preload( "A 1572 26201.850 -1.000 -1.000 26201.850 26201.850 288 288 313 313 288 -1" )
	call Preload( "B 1572 -1 -1 -1 -1 2 0 0 11 0" )
	call Preload( "A 1573 26218.512 -1.000 -1.000 26218.512 26218.512 288 288 313 313 288 -1" )
	call Preload( "B 1573 -1 -1 -1 -1 2 0 0 11 0" )
	call Preload( "A 1574 26235.176 -1.000 -1.000 26235.176 26235.176 288 288 313 313 288 -1" )
	call Preload( "B 1574 -1 -1 -1 -1 2 0 0 11 0" )
	call Preload( "A 1575 26251.838 -1.000 -1.000 26251.838 26251.838 288 288 313 313 288 -1" )
	call Preload( "B 1575 -1 -1 -1 -1 2 0 0 11 0" )
	call Preload( "A 1576 26268.500 -1.000 -1.000 26268.500 26268.500 288 288 313 313 288 -1" )
	call Preload( "B 1576 -1 -1 -1 -1 2 0 0 11 0" )
	call Preload( "A 1577 26285.162 -1.000 -1.000 26285.162 26285.162 288 288 313 313 288 -1" )
	call Preload( "B 1577 -1 -1 -1 -1 2 0 0 11 0" )
	call Preload( "A 1578 26301.826 -1.000 -1.000 26301.826 26301.826 288 288 313 313 288 -1" )
	call Preload( "B 1578 -1 -1 -1 -1 2 0 0 11 0" )
	call Preload( "A 1579 26318.488 -1.000 -1.000 26318.488 26318.488 288 288 313 313 288 -1" )
	call Preload( "B 1579 -1 -1 -1 -1 2 0 0 11 0" )
	call Preload( "A 1580 26335.150 -1.000 -1.000 26335.150 26335.150 288 288 313 313 288 -1" )
	call Preload( "B 1580 -1 -1 -1 -1 2 0 0 11 0" )
	call Preload( "A 1581 26351.813 -1.000 -1.000 26351.813 26351.813 288 288 313 313 288 -1" )
	call Preload( "B 1581 -1 -1 -1 -1 2 0 0 11 0" )
	call Preload( "A 1582 26368.477 -1.000 -1.000 26368.477 26368.477 288 288 313 313 288 -1" )
	call Preload( "B 1582 -1 -1 -1 -1 2 0 0 11 0" )
	call Preload( "A 1583 26385.139 -1.000 -1.000 26385.139 26385.139 288 288 313 313 288 -1" )
	call Preload( "B 1583 -1 -1 -1 -1 2 0 0 11 0" )
	call Preload( "A 1584 26401.801 -1.000 -1.000 26401.801 26401.801 288 288 313 313 288 -1" )
	call Preload( "B 1584 -1 -1 -1 -1 2 0 0 11 0" )
	call Preload( "A 1585 26418.463 -1.000 -1.000 26418.463 26418.463 288 288 313 313 288 -1" )
	call Preload( "B 1585 -1 -1 -1 -1 2 0 0 11 0" )
	call Preload( "A 1586 26435.127 -1.000 -1.000 26435.127 26435.127 288 288 313 313 288 -1" )
	call Preload( "B 1586 -1 -1 -1 -1 2 0 0 11 0" )
	call Preload( "A 1587 26451.789 -1.000 -1.000 26451.789 26451.789 288 288 313 313 288 -1" )
	call Preload( "B 1587 -1 -1 -1 -1 2 0 0 11 0" )
	call Preload( "A 1588 26468.451 -1.000 -1.000 26468.451 26468.451 288 288 313 313 288 -1" )
	call Preload( "B 1588 -1 -1 -1 -1 2 0 0 11 0" )
	call Preload( "A 1589 26485.113 -1.000 -1.000 26485.113 26485.113 288 288 313 313 288 -1" )
	call Preload( "B 1589 -1 -1 -1 -1 2 0 0 11 0" )
	call Preload( "A 1590 26501.777 -1.000 -1.000 26501.777 26501.777 288 288 313 313 288 -1" )
	call Preload( "B 1590 -1 -1 -1 -1 2 0 0 11 0" )
	call Preload( "A 1591 26518.439 -1.000 -1.000 26518.439 26518.439 288 288 313 313 288 -1" )
	call Preload( "B 1591 -1 -1 -1 -1 2 0 0 11 0" )
	call Preload( "A 1592 26535.102 -1.000 -1.000 26535.102 26535.102 288 288 313 313 288 -1" )
	call Preload( "B 1592 -1 -1 -1 -1 2 0 0 11 0" )
	call Preload( "A 1593 26551.764 -1.000 -1.000 26551.764 26551.764 288 288 313 313 288 -1" )
	call Preload( "B 1593 -1 -1 -1 -1 2 0 0 11 0" )
	call Preload( "A 1594 26568.428 -1.000 -1.000 26568.428 26568.428 288 288 313 313 288 -1" )
	call Preload( "B 1594 -1 -1 -1 -1 2 0 0 11 0" )
	call Preload( "A 1595 26585.090 -1.000 -1.000 26585.090 26585.090 288 288 313 313 288 -1" )
	call Preload( "B 1595 -1 -1 -1 -1 2 0 0 11 0" )
	call Preload( "A 1596 26601.752 -1.000 -1.000 26601.752 26601.752 288 288 313 313 288 -1" )
	call Preload( "B 1596 -1 -1 -1 -1 2 0 0 11 0" )
	call Preload( "A 1597 26618.414 -1.000 -1.000 26618.414 26618.414 288 288 313 313 288 -1" )
	call Preload( "B 1597 -1 -1 -1 -1 2 0 0 11 0" )
	call Preload( "A 1598 26635.078 -1.000 -1.000 26635.078 26635.078 288 288 313 313 288 -1" )
	call Preload( "B 1598 -1 -1 -1 -1 2 0 0 11 0" )
	call Preload( "A 1599 26651.740 -1.000 -1.000 26651.740 26651.740 288 288 313 313 288 -1" )
	call Preload( "B 1599 -1 -1 -1 -1 2 0 0 11 0" )
	call Preload( "A 1600 26668.402 -1.000 -1.000 26668.402 26668.402 288 288 313 313 288 -1" )
	call Preload( "B 1600 -1 -1 -1 -1 2 0 0 11 0" )
	call Preload( "A 1601 26685.064 -1.000 -1.000 26685.064 26685.064 288 288 313 313 288 -1" )
	call Preload( "B 1601 -1 -1 -1 -1 2 0 0 11 0" )
	call Preload( "A 1602 26701.729 -1.000 -1.000 26701.729 26701.729 288 288 313 313 288 -1" )
	call Preload( "B 1602 -1 -1 -1 -1 2 0 0 11 0" )
	call Preload( "A 1603 26718.391 -1.000 -1.000 26718.391 26718.391 288 288 313 313 288 -1" )
	call Preload( "B 1603 -1 -1 -1 -1 2 0 0 11 0" )
	call Preload( "A 1604 26735.053 -1.000 -1.000 26735.053 26735.053 288 288 313 313 288 -1" )
	call Preload( "B 1604 -1 -1 -1 -1 2 0 0 11 0" )
	call Preload( "A 1605 26751.715 -1.000 -1.000 26751.715 26751.715 288 288 313 313 288 -1" )
	call Preload( "B 1605 -1 -1 -1 -1 2 0 0 11 0" )
	call Preload( "A 1606 26768.379 -1.000 -1.000 26768.379 26768.379 288 288 313 313 288 -1" )
	call Preload( "B 1606 -1 -1 -1 -1 2 0 0 11 0" )
	call Preload( "A 1607 26785.041 -1.000 -1.000 26785.041 26785.041 288 288 313 313 288 -1" )
	call Preload( "B 1607 -1 -1 -1 -1 2 0 0 11 0" )
	call Preload( "A 1608 26801.703 -1.000 -1.000 26801.703 26801.703 288 288 313 313 288 -1" )
	call Preload( "B 1608 -1 -1 -1 -1 2 0 0 11 0" )
	call Preload( "A 1609 26818.365 -1.000 -1.000 26818.365 26818.365 288 288 313 313 288 -1" )
	call Preload( "B 1609 -1 -1 -1 -1 2 0 0 11 0" )
	call Preload( "A 1610 26835.029 -1.000 -1.000 26835.029 26835.029 288 288 313 313 288 -1" )
	call Preload( "B 1610 -1 -1 -1 -1 2 0 0 11 0" )
	call Preload( "A 1611 26851.691 -1.000 -1.000 26851.691 26851.691 288 288 313 313 288 -1" )
	call Preload( "B 1611 -1 -1 -1 -1 2 0 0 11 0" )
	call Preload( "A 1612 26868.354 -1.000 -1.000 26868.354 26868.354 288 288 313 313 288 -1" )
	call Preload( "B 1612 -1 -1 -1 -1 2 0 0 11 0" )
	call Preload( "A 1613 26885.016 -1.000 -1.000 26885.016 26885.016 288 288 313 313 288 -1" )
	call Preload( "B 1613 -1 -1 -1 -1 2 0 0 11 0" )
	call Preload( "A 1614 26901.680 -1.000 -1.000 26901.680 26901.680 288 288 313 313 288 -1" )
	call Preload( "B 1614 -1 -1 -1 -1 2 0 0 11 0" )
	call Preload( "A 1615 26918.342 -1.000 -1.000 26918.342 26918.342 288 288 313 313 288 -1" )
	call Preload( "B 1615 -1 -1 -1 -1 2 0 0 11 0" )
	call Preload( "A 1616 26935.004 -1.000 -1.000 26935.004 26935.004 288 288 313 313 288 -1" )
	call Preload( "B 1616 -1 -1 -1 -1 2 0 0 11 0" )
	call Preload( "A 1617 26951.666 -1.000 -1.000 26951.666 26951.666 288 288 313 313 288 -1" )
	call Preload( "B 1617 -1 -1 -1 -1 2 0 0 11 0" )
	call Preload( "A 1618 26968.330 -1.000 -1.000 26968.330 26968.330 288 288 313 313 288 -1" )
	call Preload( "B 1618 -1 -1 -1 -1 2 0 0 11 0" )
	call Preload( "A 1619 26984.992 -1.000 -1.000 26984.992 26984.992 288 288 313 313 288 -1" )
	call Preload( "B 1619 -1 -1 -1 -1 2 0 0 11 0" )
	call Preload( "A 1620 27001.654 -1.000 -1.000 27001.654 27001.654 288 288 313 313 288 -1" )
	call Preload( "B 1620 -1 -1 -1 -1 2 0 0 11 0" )
	call Preload( "A 1621 27018.316 -1.000 -1.000 27018.316 27018.316 288 288 313 313 288 -1" )
	call Preload( "B 1621 -1 -1 -1 -1 2 0 0 11 0" )
	call Preload( "A 1622 27034.980 -1.000 -1.000 27034.980 27034.980 288 288 313 313 288 -1" )
	call Preload( "B 1622 -1 -1 -1 -1 2 0 0 11 0" )
	call Preload( "A 1623 27051.643 -1.000 -1.000 27051.643 27051.643 288 288 313 313 288 -1" )
	call Preload( "B 1623 -1 -1 -1 -1 2 0 0 11 0" )
	call Preload( "A 1624 27068.305 -1.000 -1.000 27068.305 27068.305 288 288 313 313 288 -1" )
	call Preload( "B 1624 -1 -1 -1 -1 2 0 0 11 0" )
	call Preload( "A 1625 27084.967 -1.000 -1.000 27084.967 27084.967 288 288 313 313 288 -1" )
	call Preload( "B 1625 -1 -1 -1 -1 2 0 0 11 0" )
	call Preload( "A 1626 27101.631 -1.000 -1.000 27101.631 27101.631 288 288 313 313 288 -1" )
	call Preload( "B 1626 -1 -1 -1 -1 2 0 0 11 0" )
	call Preload( "A 1627 27118.293 -1.000 -1.000 27118.293 27118.293 288 288 313 313 288 -1" )
	call Preload( "B 1627 -1 -1 -1 -1 2 0 0 11 0" )
	call Preload( "A 1628 27134.955 -1.000 -1.000 27134.955 27134.955 288 288 313 313 288 -1" )
	call Preload( "B 1628 -1 -1 -1 -1 2 0 0 11 0" )
	call Preload( "A 1629 27151.617 -1.000 -1.000 27151.617 27151.617 288 288 313 313 288 -1" )
	call Preload( "B 1629 -1 -1 -1 -1 2 0 0 11 0" )
	call Preload( "A 1630 27168.281 -1.000 -1.000 27168.281 27168.281 288 288 313 313 288 -1" )
	call Preload( "B 1630 -1 -1 -1 -1 2 0 0 11 0" )
	call Preload( "A 1631 27184.943 -1.000 -1.000 27184.943 27184.943 288 288 313 313 288 -1" )
	call Preload( "B 1631 -1 -1 -1 -1 2 0 0 11 0" )
	call Preload( "A 1632 27201.605 -1.000 -1.000 27201.605 27201.605 288 288 313 313 288 -1" )
	call Preload( "B 1632 -1 -1 -1 -1 2 0 0 11 0" )
	call Preload( "A 1633 27218.268 -1.000 -1.000 27218.268 27218.268 288 288 313 313 288 -1" )
	call Preload( "B 1633 -1 -1 -1 -1 2 0 0 11 0" )
	call Preload( "A 1634 27234.932 -1.000 -1.000 27234.932 27234.932 288 288 313 313 288 -1" )
	call Preload( "B 1634 -1 -1 -1 -1 2 0 0 11 0" )
	call Preload( "A 1635 27251.594 -1.000 -1.000 27251.594 27251.594 288 288 313 313 288 -1" )
	call Preload( "B 1635 -1 -1 -1 -1 2 0 0 11 0" )
	call Preload( "A 1636 27268.256 -1.000 -1.000 27268.256 27268.256 288 288 313 313 288 -1" )
	call Preload( "B 1636 -1 -1 -1 -1 2 0 0 11 0" )
	call Preload( "A 1637 27284.918 -1.000 -1.000 27284.918 27284.918 288 288 313 313 288 -1" )
	call Preload( "B 1637 -1 -1 -1 -1 2 0 0 11 0" )
	call Preload( "A 1638 27301.582 -1.000 -1.000 27301.582 27301.582 288 288 313 313 288 -1" )
	call Preload( "B 1638 -1 -1 -1 -1 2 0 0 11 0" )
	call Preload( "A 1639 27318.244 -1.000 -1.000 27318.244 27318.244 288 288 313 313 288 -1" )
	call Preload( "B 1639 -1 -1 -1 -1 2 0 0 11 0" )
	call Preload( "A 1640 27334.906 -1.000 -1.000 27334.906 27334.906 288 288 313 313 288 -1" )
	call Preload( "B 1640 -1 -1 -1 -1 2 0 0 11 0" )
	call Preload( "A 1641 27351.568 -1.000 -1.000 27351.568 27351.568 288 288 313 313 288 -1" )
	call Preload( "B 1641 -1 -1 -1 -1 2 0 0 11 0" )
	call Preload( "A 1642 27368.232 -1.000 -1.000 27368.232 27368.232 288 288 313 313 288 -1" )
	call Preload( "B 1642 -1 -1 -1 -1 2 0 0 11 0" )
	call Preload( "A 1643 27384.895 -1.000 -1.000 27384.895 27384.895 288 288 313 313 288 -1" )
	call Preload( "B 1643 -1 -1 -1 -1 2 0 0 11 0" )
	call Preload( "A 1644 27401.557 -1.000 -1.000 27401.557 27401.557 288 288 313 313 288 -1" )
	call Preload( "B 1644 -1 -1 -1 -1 2 0 0 11 0" )
	call Preload( "A 1645 27418.219 -1.000 -1.000 27418.219 27418.219 288 288 313 313 288 -1" )
	call Preload( "B 1645 -1 -1 -1 -1 2 0 0 11 0" )
	call Preload( "A 1646 27434.883 -1.000 -1.000 27434.883 27434.883 288 288 313 313 288 -1" )
	call Preload( "B 1646 -1 -1 -1 -1 2 0 0 11 0" )
	call Preload( "A 1647 27451.545 -1.000 -1.000 27451.545 27451.545 288 288 313 313 288 -1" )
	call Preload( "B 1647 -1 -1 -1 -1 2 0 0 11 0" )
	call Preload( "A 1648 27468.207 -1.000 -1.000 27468.207 27468.207 288 288 313 313 288 -1" )
	call Preload( "B 1648 -1 -1 -1 -1 2 0 0 11 0" )
	call Preload( "A 1649 27484.869 -1.000 -1.000 27484.869 27484.869 288 288 313 313 288 -1" )
	call Preload( "B 1649 -1 -1 -1 -1 2 0 0 11 0" )
	call PreloadEnd( 0.0 )

endfunction


