function PreloadFiles takes nothing returns nothing

	call PreloadStart()
	call Preload( "RS v=2 build=20261003T221416375056960 local=0 run=1 page=13 rows=2179 mode=clean edge_pairs=0 edge_limit=64 edge_dropped=0" )
	call Preload( "counts poll=416 capture_attempt=0 advance=2179 present=2179" )
	call Preload( "clock=native-game-ms not-host-wall; row=zero-based-service; marker_x=0.04+(row%32)*0.0032 y=0.595-((row/32)%4)*0.01" )
	call Preload( "A row entry_ms poll_ms capture_ms advance_ms present_ms frame_before frame_after F_before F_after K_before target" )
	call Preload( "B row held pressed released capture_result phase confirmed_shield predicted_shield pose_serial correction" )
	call Preload( "A 1950 32500.313 -1.000 -1.000 32500.313 32500.313 320 320 345 345 320 -1" )
	call Preload( "B 1950 -1 -1 -1 -1 2 0 0 11 0" )
	call Preload( "A 1951 32516.975 -1.000 -1.000 32516.975 32516.975 320 320 345 345 320 -1" )
	call Preload( "B 1951 -1 -1 -1 -1 2 0 0 11 0" )
	call Preload( "A 1952 32533.637 -1.000 -1.000 32533.637 32533.637 320 320 345 345 320 -1" )
	call Preload( "B 1952 -1 -1 -1 -1 2 0 0 11 0" )
	call Preload( "A 1953 32550.299 -1.000 -1.000 32550.299 32550.299 320 320 345 345 320 -1" )
	call Preload( "B 1953 -1 -1 -1 -1 2 0 0 11 0" )
	call Preload( "A 1954 32566.963 -1.000 -1.000 32566.963 32566.963 320 320 345 345 320 -1" )
	call Preload( "B 1954 -1 -1 -1 -1 2 0 0 11 0" )
	call Preload( "A 1955 32583.625 -1.000 -1.000 32583.625 32583.625 320 320 345 345 320 -1" )
	call Preload( "B 1955 -1 -1 -1 -1 2 0 0 11 0" )
	call Preload( "A 1956 32600.287 -1.000 -1.000 32600.287 32600.287 320 320 345 345 320 -1" )
	call Preload( "B 1956 -1 -1 -1 -1 2 0 0 11 0" )
	call Preload( "A 1957 32616.949 -1.000 -1.000 32616.949 32616.949 320 320 345 345 320 -1" )
	call Preload( "B 1957 -1 -1 -1 -1 2 0 0 11 0" )
	call Preload( "A 1958 32633.613 -1.000 -1.000 32633.613 32633.613 320 320 345 345 320 -1" )
	call Preload( "B 1958 -1 -1 -1 -1 2 0 0 11 0" )
	call Preload( "A 1959 32650.275 -1.000 -1.000 32650.275 32650.275 320 320 345 345 320 -1" )
	call Preload( "B 1959 -1 -1 -1 -1 2 0 0 11 0" )
	call Preload( "A 1960 32666.938 -1.000 -1.000 32666.938 32666.938 320 320 345 345 320 -1" )
	call Preload( "B 1960 -1 -1 -1 -1 2 0 0 11 0" )
	call Preload( "A 1961 32683.600 -1.000 -1.000 32683.600 32683.600 320 320 345 345 320 -1" )
	call Preload( "B 1961 -1 -1 -1 -1 2 0 0 11 0" )
	call Preload( "A 1962 32700.264 -1.000 -1.000 32700.264 32700.264 320 320 345 345 320 -1" )
	call Preload( "B 1962 -1 -1 -1 -1 2 0 0 11 0" )
	call Preload( "A 1963 32716.926 -1.000 -1.000 32716.926 32716.926 320 320 345 345 320 -1" )
	call Preload( "B 1963 -1 -1 -1 -1 2 0 0 11 0" )
	call Preload( "A 1964 32733.588 -1.000 -1.000 32733.588 32733.588 320 320 345 345 320 -1" )
	call Preload( "B 1964 -1 -1 -1 -1 2 0 0 11 0" )
	call Preload( "A 1965 32750.250 -1.000 -1.000 32750.250 32750.250 320 320 345 345 320 -1" )
	call Preload( "B 1965 -1 -1 -1 -1 2 0 0 11 0" )
	call Preload( "A 1966 32766.914 -1.000 -1.000 32766.914 32766.914 320 320 345 345 320 -1" )
	call Preload( "B 1966 -1 -1 -1 -1 2 0 0 11 0" )
	call Preload( "A 1967 32783.574 -1.000 -1.000 32783.574 32783.574 320 320 345 345 320 -1" )
	call Preload( "B 1967 -1 -1 -1 -1 2 0 0 11 0" )
	call Preload( "A 1968 32800.238 -1.000 -1.000 32800.238 32800.238 320 320 345 345 320 -1" )
	call Preload( "B 1968 -1 -1 -1 -1 2 0 0 11 0" )
	call Preload( "A 1969 32816.898 -1.000 -1.000 32816.898 32816.898 320 320 345 345 320 -1" )
	call Preload( "B 1969 -1 -1 -1 -1 2 0 0 11 0" )
	call Preload( "A 1970 32833.563 -1.000 -1.000 32833.563 32833.563 320 320 345 345 320 -1" )
	call Preload( "B 1970 -1 -1 -1 -1 2 0 0 11 0" )
	call Preload( "A 1971 32850.227 -1.000 -1.000 32850.227 32850.227 320 320 345 345 320 -1" )
	call Preload( "B 1971 -1 -1 -1 -1 2 0 0 11 0" )
	call Preload( "A 1972 32866.887 -1.000 -1.000 32866.887 32866.887 320 320 345 345 320 -1" )
	call Preload( "B 1972 -1 -1 -1 -1 2 0 0 11 0" )
	call Preload( "A 1973 32883.551 -1.000 -1.000 32883.551 32883.551 320 320 345 345 320 -1" )
	call Preload( "B 1973 -1 -1 -1 -1 2 0 0 11 0" )
	call Preload( "A 1974 32900.215 -1.000 -1.000 32900.215 32900.215 320 320 345 345 320 -1" )
	call Preload( "B 1974 -1 -1 -1 -1 2 0 0 11 0" )
	call Preload( "A 1975 32916.875 -1.000 -1.000 32916.875 32916.875 320 320 345 345 320 -1" )
	call Preload( "B 1975 -1 -1 -1 -1 2 0 0 11 0" )
	call Preload( "A 1976 32933.539 -1.000 -1.000 32933.539 32933.539 320 320 345 345 320 -1" )
	call Preload( "B 1976 -1 -1 -1 -1 2 0 0 11 0" )
	call Preload( "A 1977 32950.199 -1.000 -1.000 32950.199 32950.199 320 320 345 345 320 -1" )
	call Preload( "B 1977 -1 -1 -1 -1 2 0 0 11 0" )
	call Preload( "A 1978 32966.863 -1.000 -1.000 32966.863 32966.863 320 320 345 345 320 -1" )
	call Preload( "B 1978 -1 -1 -1 -1 2 0 0 11 0" )
	call Preload( "A 1979 32983.527 -1.000 -1.000 32983.527 32983.527 320 320 345 345 320 -1" )
	call Preload( "B 1979 -1 -1 -1 -1 2 0 0 11 0" )
	call Preload( "A 1980 33000.188 -1.000 -1.000 33000.188 33000.188 320 320 345 345 320 -1" )
	call Preload( "B 1980 -1 -1 -1 -1 2 0 0 11 0" )
	call Preload( "A 1981 33016.852 -1.000 -1.000 33016.852 33016.852 320 320 345 345 320 -1" )
	call Preload( "B 1981 -1 -1 -1 -1 2 0 0 11 0" )
	call Preload( "A 1982 33033.516 -1.000 -1.000 33033.516 33033.516 320 320 345 345 320 -1" )
	call Preload( "B 1982 -1 -1 -1 -1 2 0 0 11 0" )
	call Preload( "A 1983 33050.176 -1.000 -1.000 33050.176 33050.176 320 320 345 345 320 -1" )
	call Preload( "B 1983 -1 -1 -1 -1 2 0 0 11 0" )
	call Preload( "A 1984 33066.840 -1.000 -1.000 33066.840 33066.840 320 320 345 345 320 -1" )
	call Preload( "B 1984 -1 -1 -1 -1 2 0 0 11 0" )
	call Preload( "A 1985 33083.500 -1.000 -1.000 33083.500 33083.500 320 320 345 345 320 -1" )
	call Preload( "B 1985 -1 -1 -1 -1 2 0 0 11 0" )
	call Preload( "A 1986 33100.164 -1.000 -1.000 33100.164 33100.164 320 320 345 345 320 -1" )
	call Preload( "B 1986 -1 -1 -1 -1 2 0 0 11 0" )
	call Preload( "A 1987 33116.828 -1.000 -1.000 33116.828 33116.828 320 320 345 345 320 -1" )
	call Preload( "B 1987 -1 -1 -1 -1 2 0 0 11 0" )
	call Preload( "A 1988 33133.488 -1.000 -1.000 33133.488 33133.488 320 320 345 345 320 -1" )
	call Preload( "B 1988 -1 -1 -1 -1 2 0 0 11 0" )
	call Preload( "A 1989 33150.152 -1.000 -1.000 33150.152 33150.152 320 320 345 345 320 -1" )
	call Preload( "B 1989 -1 -1 -1 -1 2 0 0 11 0" )
	call Preload( "A 1990 33166.816 -1.000 -1.000 33166.816 33166.816 320 320 345 345 320 -1" )
	call Preload( "B 1990 -1 -1 -1 -1 2 0 0 11 0" )
	call Preload( "A 1991 33183.477 -1.000 -1.000 33183.477 33183.477 320 320 345 345 320 -1" )
	call Preload( "B 1991 -1 -1 -1 -1 2 0 0 11 0" )
	call Preload( "A 1992 33200.141 -1.000 -1.000 33200.141 33200.141 320 320 345 345 320 -1" )
	call Preload( "B 1992 -1 -1 -1 -1 2 0 0 11 0" )
	call Preload( "A 1993 33216.801 -1.000 -1.000 33216.801 33216.801 320 320 345 345 320 -1" )
	call Preload( "B 1993 -1 -1 -1 -1 2 0 0 11 0" )
	call Preload( "A 1994 33233.465 -1.000 -1.000 33233.465 33233.465 320 320 345 345 320 -1" )
	call Preload( "B 1994 -1 -1 -1 -1 2 0 0 11 0" )
	call Preload( "A 1995 33250.129 -1.000 -1.000 33250.129 33250.129 320 320 345 345 320 -1" )
	call Preload( "B 1995 -1 -1 -1 -1 2 0 0 11 0" )
	call Preload( "A 1996 33266.789 -1.000 -1.000 33266.789 33266.789 320 320 345 345 320 -1" )
	call Preload( "B 1996 -1 -1 -1 -1 2 0 0 11 0" )
	call Preload( "A 1997 33283.453 -1.000 -1.000 33283.453 33283.453 320 320 345 345 320 -1" )
	call Preload( "B 1997 -1 -1 -1 -1 2 0 0 11 0" )
	call Preload( "A 1998 33300.117 -1.000 -1.000 33300.117 33300.117 320 320 345 345 320 -1" )
	call Preload( "B 1998 -1 -1 -1 -1 2 0 0 11 0" )
	call Preload( "A 1999 33316.777 -1.000 -1.000 33316.777 33316.777 320 320 345 345 320 -1" )
	call Preload( "B 1999 -1 -1 -1 -1 2 0 0 11 0" )
	call Preload( "A 2000 33333.441 -1.000 -1.000 33333.441 33333.441 320 326 345 346 352 -1" )
	call Preload( "B 2000 -1 -1 -1 -1 2 0 0 11 0" )
	call Preload( "A 2001 33350.102 33350.102 -1.000 33350.102 33350.102 326 332 346 347 352 390" )
	call Preload( "B 2001 0 0 0 -1 2 0 0 11 0" )
	call Preload( "A 2002 33366.766 33366.766 -1.000 33366.766 33366.766 332 338 347 348 352 396" )
	call Preload( "B 2002 0 0 0 -1 2 0 0 11 0" )
	call Preload( "A 2003 33383.430 33383.430 -1.000 33383.430 33383.430 338 344 348 349 352 402" )
	call Preload( "B 2003 0 0 0 -1 2 0 0 11 0" )
	call Preload( "A 2004 33400.090 33400.090 -1.000 33400.090 33400.090 344 348 349 350 352 408" )
	call Preload( "B 2004 0 0 0 -1 2 0 0 11 0" )
	call Preload( "A 2005 33416.754 33416.754 -1.000 33416.754 33416.754 348 349 350 351 352 412" )
	call Preload( "B 2005 0 0 0 -1 2 0 0 11 0" )
	call Preload( "A 2006 33433.418 -1.000 -1.000 33433.418 33433.418 349 350 351 352 352 -1" )
	call Preload( "B 2006 -1 -1 -1 -1 2 0 0 11 0" )
	call Preload( "A 2007 33450.078 33450.078 -1.000 33450.078 33450.078 350 351 352 353 352 414" )
	call Preload( "B 2007 0 0 0 -1 2 0 0 11 0" )
	call Preload( "A 2008 33466.742 -1.000 -1.000 33466.742 33466.742 351 352 353 354 352 -1" )
	call Preload( "B 2008 -1 -1 -1 -1 2 0 0 11 0" )
	call Preload( "A 2009 33483.402 33483.402 -1.000 33483.402 33483.402 352 352 354 355 352 416" )
	call Preload( "B 2009 0 0 0 -1 2 0 0 11 0" )
	call Preload( "A 2010 33500.066 -1.000 -1.000 33500.066 33500.066 352 352 355 356 352 -1" )
	call Preload( "B 2010 -1 -1 -1 -1 2 0 0 11 0" )
	call Preload( "A 2011 33516.730 -1.000 -1.000 33516.730 33516.730 352 352 356 357 352 -1" )
	call Preload( "B 2011 -1 -1 -1 -1 2 0 0 11 0" )
	call Preload( "A 2012 33533.391 -1.000 -1.000 33533.391 33533.391 352 352 357 358 352 -1" )
	call Preload( "B 2012 -1 -1 -1 -1 2 0 0 11 0" )
	call Preload( "A 2013 33550.055 -1.000 -1.000 33550.055 33550.055 352 352 358 359 352 -1" )
	call Preload( "B 2013 -1 -1 -1 -1 2 0 0 11 0" )
	call Preload( "A 2014 33566.719 -1.000 -1.000 33566.719 33566.719 352 352 359 360 352 -1" )
	call Preload( "B 2014 -1 -1 -1 -1 2 0 0 11 0" )
	call Preload( "A 2015 33583.379 -1.000 -1.000 33583.379 33583.379 352 352 360 361 352 -1" )
	call Preload( "B 2015 -1 -1 -1 -1 2 0 0 11 0" )
	call Preload( "A 2016 33600.043 -1.000 -1.000 33600.043 33600.043 352 352 361 362 352 -1" )
	call Preload( "B 2016 -1 -1 -1 -1 2 0 0 11 0" )
	call Preload( "A 2017 33616.703 -1.000 -1.000 33616.703 33616.703 352 352 362 363 352 -1" )
	call Preload( "B 2017 -1 -1 -1 -1 2 0 0 11 0" )
	call Preload( "A 2018 33633.367 -1.000 -1.000 33633.367 33633.367 352 352 363 364 352 -1" )
	call Preload( "B 2018 -1 -1 -1 -1 2 0 0 11 0" )
	call Preload( "A 2019 33650.031 -1.000 -1.000 33650.031 33650.031 352 352 364 365 352 -1" )
	call Preload( "B 2019 -1 -1 -1 -1 2 0 0 11 0" )
	call Preload( "A 2020 33666.691 -1.000 -1.000 33666.691 33666.691 352 352 365 366 352 -1" )
	call Preload( "B 2020 -1 -1 -1 -1 2 0 0 11 0" )
	call Preload( "A 2021 33683.355 -1.000 -1.000 33683.355 33683.355 352 352 366 367 352 -1" )
	call Preload( "B 2021 -1 -1 -1 -1 2 0 0 11 0" )
	call Preload( "A 2022 33700.020 -1.000 -1.000 33700.020 33700.020 352 352 367 368 352 -1" )
	call Preload( "B 2022 -1 -1 -1 -1 2 0 0 11 0" )
	call Preload( "A 2023 33716.680 -1.000 -1.000 33716.680 33716.680 352 352 368 369 352 -1" )
	call Preload( "B 2023 -1 -1 -1 -1 2 0 0 11 0" )
	call Preload( "A 2024 33733.344 -1.000 -1.000 33733.344 33733.344 352 352 369 370 352 -1" )
	call Preload( "B 2024 -1 -1 -1 -1 2 0 0 11 0" )
	call Preload( "A 2025 33750.004 -1.000 -1.000 33750.004 33750.004 352 352 370 371 352 -1" )
	call Preload( "B 2025 -1 -1 -1 -1 2 0 0 11 0" )
	call Preload( "A 2026 33766.668 -1.000 -1.000 33766.668 33766.668 352 352 371 372 352 -1" )
	call Preload( "B 2026 -1 -1 -1 -1 2 0 0 11 0" )
	call Preload( "A 2027 33783.332 -1.000 -1.000 33783.332 33783.332 352 352 372 373 352 -1" )
	call Preload( "B 2027 -1 -1 -1 -1 2 0 0 11 0" )
	call Preload( "A 2028 33799.992 -1.000 -1.000 33799.992 33799.992 352 352 373 374 352 -1" )
	call Preload( "B 2028 -1 -1 -1 -1 2 0 0 11 0" )
	call Preload( "A 2029 33816.656 -1.000 -1.000 33816.656 33816.656 352 352 374 375 352 -1" )
	call Preload( "B 2029 -1 -1 -1 -1 2 0 0 11 0" )
	call Preload( "A 2030 33833.320 -1.000 -1.000 33833.320 33833.320 352 352 375 376 352 -1" )
	call Preload( "B 2030 -1 -1 -1 -1 2 0 0 11 0" )
	call Preload( "A 2031 33849.980 -1.000 -1.000 33849.980 33849.980 352 352 376 377 352 -1" )
	call Preload( "B 2031 -1 -1 -1 -1 2 0 0 11 0" )
	call Preload( "A 2032 33866.645 -1.000 -1.000 33866.645 33866.645 352 352 377 377 352 -1" )
	call Preload( "B 2032 -1 -1 -1 -1 2 0 0 11 0" )
	call Preload( "A 2033 33883.305 -1.000 -1.000 33883.305 33883.305 352 352 377 377 352 -1" )
	call Preload( "B 2033 -1 -1 -1 -1 2 0 0 11 0" )
	call Preload( "A 2034 33899.969 -1.000 -1.000 33899.969 33899.969 352 352 377 377 352 -1" )
	call Preload( "B 2034 -1 -1 -1 -1 2 0 0 11 0" )
	call Preload( "A 2035 33916.633 -1.000 -1.000 33916.633 33916.633 352 352 377 377 352 -1" )
	call Preload( "B 2035 -1 -1 -1 -1 2 0 0 11 0" )
	call Preload( "A 2036 33933.293 -1.000 -1.000 33933.293 33933.293 352 352 377 377 352 -1" )
	call Preload( "B 2036 -1 -1 -1 -1 2 0 0 11 0" )
	call Preload( "A 2037 33949.957 -1.000 -1.000 33949.957 33949.957 352 352 377 377 352 -1" )
	call Preload( "B 2037 -1 -1 -1 -1 2 0 0 11 0" )
	call Preload( "A 2038 33966.621 -1.000 -1.000 33966.621 33966.621 352 352 377 377 352 -1" )
	call Preload( "B 2038 -1 -1 -1 -1 2 0 0 11 0" )
	call Preload( "A 2039 33983.281 -1.000 -1.000 33983.281 33983.281 352 352 377 377 352 -1" )
	call Preload( "B 2039 -1 -1 -1 -1 2 0 0 11 0" )
	call Preload( "A 2040 33999.945 -1.000 -1.000 33999.945 33999.945 352 352 377 377 352 -1" )
	call Preload( "B 2040 -1 -1 -1 -1 2 0 0 11 0" )
	call Preload( "A 2041 34016.605 -1.000 -1.000 34016.605 34016.605 352 352 377 377 352 -1" )
	call Preload( "B 2041 -1 -1 -1 -1 2 0 0 11 0" )
	call Preload( "A 2042 34033.270 -1.000 -1.000 34033.270 34033.270 352 352 377 377 352 -1" )
	call Preload( "B 2042 -1 -1 -1 -1 2 0 0 11 0" )
	call Preload( "A 2043 34049.934 -1.000 -1.000 34049.934 34049.934 352 352 377 377 352 -1" )
	call Preload( "B 2043 -1 -1 -1 -1 2 0 0 11 0" )
	call Preload( "A 2044 34066.594 -1.000 -1.000 34066.594 34066.594 352 352 377 377 352 -1" )
	call Preload( "B 2044 -1 -1 -1 -1 2 0 0 11 0" )
	call Preload( "A 2045 34083.258 -1.000 -1.000 34083.258 34083.258 352 352 377 377 352 -1" )
	call Preload( "B 2045 -1 -1 -1 -1 2 0 0 11 0" )
	call Preload( "A 2046 34099.922 -1.000 -1.000 34099.922 34099.922 352 352 377 377 352 -1" )
	call Preload( "B 2046 -1 -1 -1 -1 2 0 0 11 0" )
	call Preload( "A 2047 34116.582 -1.000 -1.000 34116.582 34116.582 352 352 377 377 352 -1" )
	call Preload( "B 2047 -1 -1 -1 -1 2 0 0 11 0" )
	call Preload( "A 2048 34133.246 -1.000 -1.000 34133.246 34133.246 352 352 377 377 352 -1" )
	call Preload( "B 2048 -1 -1 -1 -1 2 0 0 11 0" )
	call Preload( "A 2049 34149.906 -1.000 -1.000 34149.906 34149.906 352 352 377 377 352 -1" )
	call Preload( "B 2049 -1 -1 -1 -1 2 0 0 11 0" )
	call Preload( "A 2050 34166.570 -1.000 -1.000 34166.570 34166.570 352 352 377 377 352 -1" )
	call Preload( "B 2050 -1 -1 -1 -1 2 0 0 11 0" )
	call Preload( "A 2051 34183.234 -1.000 -1.000 34183.234 34183.234 352 352 377 377 352 -1" )
	call Preload( "B 2051 -1 -1 -1 -1 2 0 0 11 0" )
	call Preload( "A 2052 34199.895 -1.000 -1.000 34199.895 34199.895 352 352 377 377 352 -1" )
	call Preload( "B 2052 -1 -1 -1 -1 2 0 0 11 0" )
	call Preload( "A 2053 34216.559 -1.000 -1.000 34216.559 34216.559 352 352 377 377 352 -1" )
	call Preload( "B 2053 -1 -1 -1 -1 2 0 0 11 0" )
	call Preload( "A 2054 34233.223 -1.000 -1.000 34233.223 34233.223 352 352 377 377 352 -1" )
	call Preload( "B 2054 -1 -1 -1 -1 2 0 0 11 0" )
	call Preload( "A 2055 34249.883 -1.000 -1.000 34249.883 34249.883 352 352 377 377 352 -1" )
	call Preload( "B 2055 -1 -1 -1 -1 2 0 0 11 0" )
	call Preload( "A 2056 34266.547 -1.000 -1.000 34266.547 34266.547 352 352 377 377 352 -1" )
	call Preload( "B 2056 -1 -1 -1 -1 2 0 0 11 0" )
	call Preload( "A 2057 34283.207 -1.000 -1.000 34283.207 34283.207 352 352 377 377 352 -1" )
	call Preload( "B 2057 -1 -1 -1 -1 2 0 0 11 0" )
	call Preload( "A 2058 34299.871 -1.000 -1.000 34299.871 34299.871 352 352 377 377 352 -1" )
	call Preload( "B 2058 -1 -1 -1 -1 2 0 0 11 0" )
	call Preload( "A 2059 34316.535 -1.000 -1.000 34316.535 34316.535 352 352 377 377 352 -1" )
	call Preload( "B 2059 -1 -1 -1 -1 2 0 0 11 0" )
	call Preload( "A 2060 34333.195 -1.000 -1.000 34333.195 34333.195 352 352 377 377 352 -1" )
	call Preload( "B 2060 -1 -1 -1 -1 2 0 0 11 0" )
	call Preload( "A 2061 34349.859 -1.000 -1.000 34349.859 34349.859 352 352 377 377 352 -1" )
	call Preload( "B 2061 -1 -1 -1 -1 2 0 0 11 0" )
	call Preload( "A 2062 34366.523 -1.000 -1.000 34366.523 34366.523 352 352 377 377 352 -1" )
	call Preload( "B 2062 -1 -1 -1 -1 2 0 0 11 0" )
	call Preload( "A 2063 34383.184 -1.000 -1.000 34383.184 34383.184 352 352 377 377 352 -1" )
	call Preload( "B 2063 -1 -1 -1 -1 2 0 0 11 0" )
	call Preload( "A 2064 34399.848 -1.000 -1.000 34399.848 34399.848 352 352 377 377 352 -1" )
	call Preload( "B 2064 -1 -1 -1 -1 2 0 0 11 0" )
	call Preload( "A 2065 34416.508 -1.000 -1.000 34416.508 34416.508 352 352 377 377 352 -1" )
	call Preload( "B 2065 -1 -1 -1 -1 2 0 0 11 0" )
	call Preload( "A 2066 34433.172 -1.000 -1.000 34433.172 34433.172 352 352 377 377 352 -1" )
	call Preload( "B 2066 -1 -1 -1 -1 2 0 0 11 0" )
	call Preload( "A 2067 34449.836 -1.000 -1.000 34449.836 34449.836 352 352 377 377 352 -1" )
	call Preload( "B 2067 -1 -1 -1 -1 2 0 0 11 0" )
	call Preload( "A 2068 34466.496 -1.000 -1.000 34466.496 34466.496 352 352 377 377 352 -1" )
	call Preload( "B 2068 -1 -1 -1 -1 2 0 0 11 0" )
	call Preload( "A 2069 34483.160 -1.000 -1.000 34483.160 34483.160 352 352 377 377 352 -1" )
	call Preload( "B 2069 -1 -1 -1 -1 2 0 0 11 0" )
	call Preload( "A 2070 34499.824 -1.000 -1.000 34499.824 34499.824 352 352 377 377 352 -1" )
	call Preload( "B 2070 -1 -1 -1 -1 2 0 0 11 0" )
	call Preload( "A 2071 34516.484 -1.000 -1.000 34516.484 34516.484 352 352 377 377 352 -1" )
	call Preload( "B 2071 -1 -1 -1 -1 2 0 0 11 0" )
	call Preload( "A 2072 34533.148 -1.000 -1.000 34533.148 34533.148 352 352 377 377 352 -1" )
	call Preload( "B 2072 -1 -1 -1 -1 2 0 0 11 0" )
	call Preload( "A 2073 34549.809 -1.000 -1.000 34549.809 34549.809 352 352 377 377 352 -1" )
	call Preload( "B 2073 -1 -1 -1 -1 2 0 0 11 0" )
	call Preload( "A 2074 34566.473 -1.000 -1.000 34566.473 34566.473 352 352 377 377 352 -1" )
	call Preload( "B 2074 -1 -1 -1 -1 2 0 0 11 0" )
	call Preload( "A 2075 34583.137 -1.000 -1.000 34583.137 34583.137 352 352 377 377 352 -1" )
	call Preload( "B 2075 -1 -1 -1 -1 2 0 0 11 0" )
	call Preload( "A 2076 34599.797 -1.000 -1.000 34599.797 34599.797 352 352 377 377 352 -1" )
	call Preload( "B 2076 -1 -1 -1 -1 2 0 0 11 0" )
	call Preload( "A 2077 34616.461 -1.000 -1.000 34616.461 34616.461 352 352 377 377 352 -1" )
	call Preload( "B 2077 -1 -1 -1 -1 2 0 0 11 0" )
	call Preload( "A 2078 34633.125 -1.000 -1.000 34633.125 34633.125 352 352 377 377 352 -1" )
	call Preload( "B 2078 -1 -1 -1 -1 2 0 0 11 0" )
	call Preload( "A 2079 34649.785 -1.000 -1.000 34649.785 34649.785 352 352 377 377 352 -1" )
	call Preload( "B 2079 -1 -1 -1 -1 2 0 0 11 0" )
	call Preload( "A 2080 34666.449 -1.000 -1.000 34666.449 34666.449 352 352 377 377 352 -1" )
	call Preload( "B 2080 -1 -1 -1 -1 2 0 0 11 0" )
	call Preload( "A 2081 34683.109 -1.000 -1.000 34683.109 34683.109 352 352 377 377 352 -1" )
	call Preload( "B 2081 -1 -1 -1 -1 2 0 0 11 0" )
	call Preload( "A 2082 34699.773 -1.000 -1.000 34699.773 34699.773 352 352 377 377 352 -1" )
	call Preload( "B 2082 -1 -1 -1 -1 2 0 0 11 0" )
	call Preload( "A 2083 34716.438 -1.000 -1.000 34716.438 34716.438 352 352 377 377 352 -1" )
	call Preload( "B 2083 -1 -1 -1 -1 2 0 0 11 0" )
	call Preload( "A 2084 34733.098 -1.000 -1.000 34733.098 34733.098 352 352 377 377 352 -1" )
	call Preload( "B 2084 -1 -1 -1 -1 2 0 0 11 0" )
	call Preload( "A 2085 34749.762 -1.000 -1.000 34749.762 34749.762 352 352 377 377 352 -1" )
	call Preload( "B 2085 -1 -1 -1 -1 2 0 0 11 0" )
	call Preload( "A 2086 34766.426 -1.000 -1.000 34766.426 34766.426 352 352 377 377 352 -1" )
	call Preload( "B 2086 -1 -1 -1 -1 2 0 0 11 0" )
	call Preload( "A 2087 34783.086 -1.000 -1.000 34783.086 34783.086 352 352 377 377 352 -1" )
	call Preload( "B 2087 -1 -1 -1 -1 2 0 0 11 0" )
	call Preload( "A 2088 34799.750 -1.000 -1.000 34799.750 34799.750 352 352 377 377 352 -1" )
	call Preload( "B 2088 -1 -1 -1 -1 2 0 0 11 0" )
	call Preload( "A 2089 34816.410 -1.000 -1.000 34816.410 34816.410 352 352 377 377 352 -1" )
	call Preload( "B 2089 -1 -1 -1 -1 2 0 0 11 0" )
	call Preload( "A 2090 34833.074 -1.000 -1.000 34833.074 34833.074 352 352 377 377 352 -1" )
	call Preload( "B 2090 -1 -1 -1 -1 2 0 0 11 0" )
	call Preload( "A 2091 34849.738 -1.000 -1.000 34849.738 34849.738 352 352 377 377 352 -1" )
	call Preload( "B 2091 -1 -1 -1 -1 2 0 0 11 0" )
	call Preload( "A 2092 34866.398 -1.000 -1.000 34866.398 34866.398 352 352 377 377 352 -1" )
	call Preload( "B 2092 -1 -1 -1 -1 2 0 0 11 0" )
	call Preload( "A 2093 34883.063 -1.000 -1.000 34883.063 34883.063 352 352 377 377 352 -1" )
	call Preload( "B 2093 -1 -1 -1 -1 2 0 0 11 0" )
	call Preload( "A 2094 34899.727 -1.000 -1.000 34899.727 34899.727 352 352 377 377 352 -1" )
	call Preload( "B 2094 -1 -1 -1 -1 2 0 0 11 0" )
	call Preload( "A 2095 34916.387 -1.000 -1.000 34916.387 34916.387 352 352 377 377 352 -1" )
	call Preload( "B 2095 -1 -1 -1 -1 2 0 0 11 0" )
	call Preload( "A 2096 34933.051 -1.000 -1.000 34933.051 34933.051 352 352 377 377 352 -1" )
	call Preload( "B 2096 -1 -1 -1 -1 2 0 0 11 0" )
	call Preload( "A 2097 34949.711 -1.000 -1.000 34949.711 34949.711 352 352 377 377 352 -1" )
	call Preload( "B 2097 -1 -1 -1 -1 2 0 0 11 0" )
	call Preload( "A 2098 34966.375 -1.000 -1.000 34966.375 34966.375 352 352 377 377 352 -1" )
	call Preload( "B 2098 -1 -1 -1 -1 2 0 0 11 0" )
	call Preload( "A 2099 34983.039 -1.000 -1.000 34983.039 34983.039 352 352 377 377 352 -1" )
	call Preload( "B 2099 -1 -1 -1 -1 2 0 0 11 0" )
	call PreloadEnd( 0.0 )

endfunction


