function PreloadFiles takes nothing returns nothing

	call PreloadStart()
	call Preload( "RS v=2 build=20261003T221416375056960 local=0 run=1 page=0 rows=1461 mode=clean edge_pairs=0 edge_limit=64 edge_dropped=0" )
	call Preload( "counts poll=254 capture_attempt=0 advance=1461 present=1461" )
	call Preload( "clock=native-game-ms not-host-wall; row=zero-based-service; marker_x=0.04+(row%32)*0.0032 y=0.595-((row/32)%4)*0.01" )
	call Preload( "A row entry_ms poll_ms capture_ms advance_ms present_ms frame_before frame_after F_before F_after K_before target" )
	call Preload( "B row held pressed released capture_result phase confirmed_shield predicted_shield pose_serial correction" )
	call Preload( "A 0 14.565 -1.000 -1.000 14.565 14.565 0 0 1 1 0 -1" )
	call Preload( "B 0 -1 -1 -1 -1 2 0 0 0 0" )
	call Preload( "A 1 31.227 -1.000 -1.000 31.227 31.227 0 0 1 1 0 -1" )
	call Preload( "B 1 -1 -1 -1 -1 2 0 0 0 0" )
	call Preload( "A 2 47.890 -1.000 -1.000 47.890 47.890 0 0 1 1 0 -1" )
	call Preload( "B 2 -1 -1 -1 -1 2 0 0 0 0" )
	call Preload( "A 3 64.552 -1.000 -1.000 64.552 64.552 0 0 1 1 0 -1" )
	call Preload( "B 3 -1 -1 -1 -1 2 0 0 0 0" )
	call Preload( "A 4 81.215 -1.000 -1.000 81.215 81.215 0 0 1 1 0 -1" )
	call Preload( "B 4 -1 -1 -1 -1 2 0 0 0 0" )
	call Preload( "A 5 97.878 -1.000 -1.000 97.878 97.878 0 0 1 1 0 -1" )
	call Preload( "B 5 -1 -1 -1 -1 2 0 0 0 0" )
	call Preload( "A 6 114.540 -1.000 -1.000 114.540 114.540 0 0 1 1 0 -1" )
	call Preload( "B 6 -1 -1 -1 -1 2 0 0 0 0" )
	call Preload( "A 7 131.203 -1.000 -1.000 131.203 131.203 0 0 1 1 0 -1" )
	call Preload( "B 7 -1 -1 -1 -1 2 0 0 0 0" )
	call Preload( "A 8 147.865 -1.000 -1.000 147.865 147.865 0 0 1 1 0 -1" )
	call Preload( "B 8 -1 -1 -1 -1 2 0 0 0 0" )
	call Preload( "A 9 164.528 -1.000 -1.000 164.528 164.528 0 0 1 1 0 -1" )
	call Preload( "B 9 -1 -1 -1 -1 2 0 0 0 0" )
	call Preload( "A 10 181.190 181.190 -1.000 181.190 181.190 0 0 1 2 0 16" )
	call Preload( "B 10 2 0 0 -1 2 0 0 1 0" )
	call Preload( "A 11 197.853 197.853 -1.000 197.853 197.853 0 0 2 3 0 32" )
	call Preload( "B 11 2 0 0 -1 2 0 0 1 0" )
	call Preload( "A 12 214.516 214.516 -1.000 214.516 214.516 0 0 3 4 0 48" )
	call Preload( "B 12 2 0 0 -1 2 0 0 1 0" )
	call Preload( "A 13 231.178 231.178 -1.000 231.178 231.178 0 0 4 5 0 64" )
	call Preload( "B 13 2 0 0 -1 2 0 0 1 0" )
	call Preload( "A 14 247.841 -1.000 -1.000 247.841 247.841 0 0 5 6 0 -1" )
	call Preload( "B 14 -1 -1 -1 -1 2 0 0 1 0" )
	call Preload( "A 15 264.503 -1.000 -1.000 264.503 264.503 0 0 6 7 0 -1" )
	call Preload( "B 15 -1 -1 -1 -1 2 0 0 1 0" )
	call Preload( "A 16 281.166 -1.000 -1.000 281.166 281.166 0 0 7 8 0 -1" )
	call Preload( "B 16 -1 -1 -1 -1 2 0 0 1 0" )
	call Preload( "A 17 297.829 -1.000 -1.000 297.829 297.829 0 0 8 9 0 -1" )
	call Preload( "B 17 -1 -1 -1 -1 2 0 0 1 0" )
	call Preload( "A 18 314.491 -1.000 -1.000 314.491 314.491 0 0 9 10 0 -1" )
	call Preload( "B 18 -1 -1 -1 -1 2 0 0 1 0" )
	call Preload( "A 19 331.154 -1.000 -1.000 331.154 331.154 0 0 10 11 0 -1" )
	call Preload( "B 19 -1 -1 -1 -1 2 0 0 1 0" )
	call Preload( "A 20 347.816 -1.000 -1.000 347.816 347.816 0 0 11 12 0 -1" )
	call Preload( "B 20 -1 -1 -1 -1 2 0 0 1 0" )
	call Preload( "A 21 364.479 -1.000 -1.000 364.479 364.479 0 0 12 13 0 -1" )
	call Preload( "B 21 -1 -1 -1 -1 2 0 0 1 0" )
	call Preload( "A 22 381.142 -1.000 -1.000 381.142 381.142 0 0 13 14 0 -1" )
	call Preload( "B 22 -1 -1 -1 -1 2 0 0 1 0" )
	call Preload( "A 23 397.804 -1.000 -1.000 397.804 397.804 0 0 14 15 0 -1" )
	call Preload( "B 23 -1 -1 -1 -1 2 0 0 1 0" )
	call Preload( "A 24 414.467 -1.000 -1.000 414.467 414.467 0 0 15 16 0 -1" )
	call Preload( "B 24 -1 -1 -1 -1 2 0 0 1 0" )
	call Preload( "A 25 431.129 -1.000 -1.000 431.129 431.129 0 0 16 17 0 -1" )
	call Preload( "B 25 -1 -1 -1 -1 2 0 0 1 0" )
	call Preload( "A 26 447.792 -1.000 -1.000 447.792 447.792 0 0 17 18 0 -1" )
	call Preload( "B 26 -1 -1 -1 -1 2 0 0 1 0" )
	call Preload( "A 27 464.455 -1.000 -1.000 464.455 464.455 0 0 18 19 0 -1" )
	call Preload( "B 27 -1 -1 -1 -1 2 0 0 1 0" )
	call Preload( "A 28 481.117 -1.000 -1.000 481.117 481.117 0 0 19 20 0 -1" )
	call Preload( "B 28 -1 -1 -1 -1 2 0 0 1 0" )
	call Preload( "A 29 497.780 -1.000 -1.000 497.780 497.780 0 0 20 21 0 -1" )
	call Preload( "B 29 -1 -1 -1 -1 2 0 0 1 0" )
	call Preload( "A 30 514.442 -1.000 -1.000 514.442 514.442 0 0 21 22 0 -1" )
	call Preload( "B 30 -1 -1 -1 -1 2 0 0 1 0" )
	call Preload( "A 31 531.105 -1.000 -1.000 531.105 531.105 0 0 22 23 0 -1" )
	call Preload( "B 31 -1 -1 -1 -1 2 0 0 1 0" )
	call Preload( "A 32 547.768 -1.000 -1.000 547.768 547.768 0 0 23 24 0 -1" )
	call Preload( "B 32 -1 -1 -1 -1 2 0 0 1 0" )
	call Preload( "A 33 564.430 -1.000 -1.000 564.430 564.430 0 0 24 25 0 -1" )
	call Preload( "B 33 -1 -1 -1 -1 2 0 0 1 0" )
	call Preload( "A 34 581.093 -1.000 -1.000 581.093 581.093 0 0 25 25 0 -1" )
	call Preload( "B 34 -1 -1 -1 -1 2 0 0 1 0" )
	call Preload( "A 35 597.755 -1.000 -1.000 597.755 597.755 0 0 25 25 0 -1" )
	call Preload( "B 35 -1 -1 -1 -1 2 0 0 1 0" )
	call Preload( "A 36 614.418 -1.000 -1.000 614.418 614.418 0 0 25 25 0 -1" )
	call Preload( "B 36 -1 -1 -1 -1 2 0 0 1 0" )
	call Preload( "A 37 631.081 -1.000 -1.000 631.081 631.081 0 0 25 25 0 -1" )
	call Preload( "B 37 -1 -1 -1 -1 2 0 0 1 0" )
	call Preload( "A 38 647.743 -1.000 -1.000 647.743 647.743 0 0 25 25 0 -1" )
	call Preload( "B 38 -1 -1 -1 -1 2 0 0 1 0" )
	call Preload( "A 39 664.406 -1.000 -1.000 664.406 664.406 0 0 25 25 0 -1" )
	call Preload( "B 39 -1 -1 -1 -1 2 0 0 1 0" )
	call Preload( "A 40 681.068 -1.000 -1.000 681.068 681.068 0 0 25 25 0 -1" )
	call Preload( "B 40 -1 -1 -1 -1 2 0 0 1 0" )
	call Preload( "A 41 697.731 -1.000 -1.000 697.731 697.731 0 0 25 25 0 -1" )
	call Preload( "B 41 -1 -1 -1 -1 2 0 0 1 0" )
	call Preload( "A 42 714.394 -1.000 -1.000 714.394 714.394 0 0 25 25 0 -1" )
	call Preload( "B 42 -1 -1 -1 -1 2 0 0 1 0" )
	call Preload( "A 43 731.056 -1.000 -1.000 731.056 731.056 0 0 25 25 0 -1" )
	call Preload( "B 43 -1 -1 -1 -1 2 0 0 1 0" )
	call Preload( "A 44 747.719 -1.000 -1.000 747.719 747.719 0 0 25 25 0 -1" )
	call Preload( "B 44 -1 -1 -1 -1 2 0 0 1 0" )
	call Preload( "A 45 764.381 -1.000 -1.000 764.381 764.381 0 0 25 25 0 -1" )
	call Preload( "B 45 -1 -1 -1 -1 2 0 0 1 0" )
	call Preload( "A 46 781.044 -1.000 -1.000 781.044 781.044 0 0 25 25 0 -1" )
	call Preload( "B 46 -1 -1 -1 -1 2 0 0 1 0" )
	call Preload( "A 47 797.707 -1.000 -1.000 797.707 797.707 0 0 25 25 0 -1" )
	call Preload( "B 47 -1 -1 -1 -1 2 0 0 1 0" )
	call Preload( "A 48 814.369 -1.000 -1.000 814.369 814.369 0 0 25 25 0 -1" )
	call Preload( "B 48 -1 -1 -1 -1 2 0 0 1 0" )
	call Preload( "A 49 831.032 -1.000 -1.000 831.032 831.032 0 0 25 25 0 -1" )
	call Preload( "B 49 -1 -1 -1 -1 2 0 0 1 0" )
	call Preload( "A 50 847.694 -1.000 -1.000 847.694 847.694 0 0 25 25 0 -1" )
	call Preload( "B 50 -1 -1 -1 -1 2 0 0 1 0" )
	call Preload( "A 51 864.357 -1.000 -1.000 864.357 864.357 0 0 25 25 0 -1" )
	call Preload( "B 51 -1 -1 -1 -1 2 0 0 1 0" )
	call Preload( "A 52 881.020 -1.000 -1.000 881.020 881.020 0 0 25 25 0 -1" )
	call Preload( "B 52 -1 -1 -1 -1 2 0 0 1 0" )
	call Preload( "A 53 897.682 -1.000 -1.000 897.682 897.682 0 0 25 25 0 -1" )
	call Preload( "B 53 -1 -1 -1 -1 2 0 0 1 0" )
	call Preload( "A 54 914.345 -1.000 -1.000 914.345 914.345 0 0 25 25 0 -1" )
	call Preload( "B 54 -1 -1 -1 -1 2 0 0 1 0" )
	call Preload( "A 55 931.007 -1.000 -1.000 931.007 931.007 0 0 25 25 0 -1" )
	call Preload( "B 55 -1 -1 -1 -1 2 0 0 1 0" )
	call Preload( "A 56 947.670 -1.000 -1.000 947.670 947.670 0 0 25 25 0 -1" )
	call Preload( "B 56 -1 -1 -1 -1 2 0 0 1 0" )
	call Preload( "A 57 964.333 -1.000 -1.000 964.333 964.333 0 0 25 25 0 -1" )
	call Preload( "B 57 -1 -1 -1 -1 2 0 0 1 0" )
	call Preload( "A 58 980.995 -1.000 -1.000 980.995 980.995 0 0 25 25 0 -1" )
	call Preload( "B 58 -1 -1 -1 -1 2 0 0 1 0" )
	call Preload( "A 59 997.658 -1.000 -1.000 997.658 997.658 0 0 25 25 0 -1" )
	call Preload( "B 59 -1 -1 -1 -1 2 0 0 1 0" )
	call Preload( "A 60 1014.320 -1.000 -1.000 1014.320 1014.320 0 0 25 25 0 -1" )
	call Preload( "B 60 -1 -1 -1 -1 2 0 0 1 0" )
	call Preload( "A 61 1030.983 -1.000 -1.000 1030.983 1030.983 0 0 25 25 0 -1" )
	call Preload( "B 61 -1 -1 -1 -1 2 0 0 1 0" )
	call Preload( "A 62 1047.646 -1.000 -1.000 1047.646 1047.646 0 0 25 25 0 -1" )
	call Preload( "B 62 -1 -1 -1 -1 2 0 0 1 0" )
	call Preload( "A 63 1064.308 -1.000 -1.000 1064.308 1064.308 0 0 25 25 0 -1" )
	call Preload( "B 63 -1 -1 -1 -1 2 0 0 1 0" )
	call Preload( "A 64 1080.971 -1.000 -1.000 1080.971 1080.971 0 0 25 25 0 -1" )
	call Preload( "B 64 -1 -1 -1 -1 2 0 0 1 0" )
	call Preload( "A 65 1097.633 -1.000 -1.000 1097.633 1097.633 0 0 25 25 0 -1" )
	call Preload( "B 65 -1 -1 -1 -1 2 0 0 1 0" )
	call Preload( "A 66 1114.296 -1.000 -1.000 1114.296 1114.296 0 0 25 25 0 -1" )
	call Preload( "B 66 -1 -1 -1 -1 2 0 0 1 0" )
	call Preload( "A 67 1130.958 -1.000 -1.000 1130.958 1130.958 0 0 25 25 0 -1" )
	call Preload( "B 67 -1 -1 -1 -1 2 0 0 1 0" )
	call Preload( "A 68 1147.621 -1.000 -1.000 1147.621 1147.621 0 0 25 25 0 -1" )
	call Preload( "B 68 -1 -1 -1 -1 2 0 0 1 0" )
	call Preload( "A 69 1164.284 -1.000 -1.000 1164.284 1164.284 0 0 25 25 0 -1" )
	call Preload( "B 69 -1 -1 -1 -1 2 0 0 1 0" )
	call Preload( "A 70 1180.946 -1.000 -1.000 1180.946 1180.946 0 0 25 25 0 -1" )
	call Preload( "B 70 -1 -1 -1 -1 2 0 0 1 0" )
	call Preload( "A 71 1197.609 -1.000 -1.000 1197.609 1197.609 0 0 25 25 0 -1" )
	call Preload( "B 71 -1 -1 -1 -1 2 0 0 1 0" )
	call Preload( "A 72 1214.271 -1.000 -1.000 1214.271 1214.271 0 0 25 25 0 -1" )
	call Preload( "B 72 -1 -1 -1 -1 2 0 0 1 0" )
	call Preload( "A 73 1230.934 -1.000 -1.000 1230.934 1230.934 0 0 25 25 0 -1" )
	call Preload( "B 73 -1 -1 -1 -1 2 0 0 1 0" )
	call Preload( "A 74 1247.597 -1.000 -1.000 1247.597 1247.597 0 0 25 25 0 -1" )
	call Preload( "B 74 -1 -1 -1 -1 2 0 0 1 0" )
	call Preload( "A 75 1264.259 -1.000 -1.000 1264.259 1264.259 0 0 25 25 0 -1" )
	call Preload( "B 75 -1 -1 -1 -1 2 0 0 1 0" )
	call Preload( "A 76 1280.922 -1.000 -1.000 1280.922 1280.922 0 0 25 25 0 -1" )
	call Preload( "B 76 -1 -1 -1 -1 2 0 0 1 0" )
	call Preload( "A 77 1297.584 -1.000 -1.000 1297.584 1297.584 0 0 25 25 0 -1" )
	call Preload( "B 77 -1 -1 -1 -1 2 0 0 1 0" )
	call Preload( "A 78 1314.247 -1.000 -1.000 1314.247 1314.247 0 0 25 25 0 -1" )
	call Preload( "B 78 -1 -1 -1 -1 2 0 0 1 0" )
	call Preload( "A 79 1330.910 -1.000 -1.000 1330.910 1330.910 0 0 25 25 0 -1" )
	call Preload( "B 79 -1 -1 -1 -1 2 0 0 1 0" )
	call Preload( "A 80 1347.572 -1.000 -1.000 1347.572 1347.572 0 0 25 25 0 -1" )
	call Preload( "B 80 -1 -1 -1 -1 2 0 0 1 0" )
	call Preload( "A 81 1364.235 -1.000 -1.000 1364.235 1364.235 0 0 25 25 0 -1" )
	call Preload( "B 81 -1 -1 -1 -1 2 0 0 1 0" )
	call Preload( "A 82 1380.897 -1.000 -1.000 1380.897 1380.897 0 0 25 25 0 -1" )
	call Preload( "B 82 -1 -1 -1 -1 2 0 0 1 0" )
	call Preload( "A 83 1397.560 -1.000 -1.000 1397.560 1397.560 0 0 25 25 0 -1" )
	call Preload( "B 83 -1 -1 -1 -1 2 0 0 1 0" )
	call Preload( "A 84 1414.223 -1.000 -1.000 1414.223 1414.223 0 0 25 25 0 -1" )
	call Preload( "B 84 -1 -1 -1 -1 2 0 0 1 0" )
	call Preload( "A 85 1430.885 -1.000 -1.000 1430.885 1430.885 0 0 25 25 0 -1" )
	call Preload( "B 85 -1 -1 -1 -1 2 0 0 1 0" )
	call Preload( "A 86 1447.548 -1.000 -1.000 1447.548 1447.548 0 0 25 25 0 -1" )
	call Preload( "B 86 -1 -1 -1 -1 2 0 0 1 0" )
	call Preload( "A 87 1464.210 -1.000 -1.000 1464.210 1464.210 0 0 25 25 0 -1" )
	call Preload( "B 87 -1 -1 -1 -1 2 0 0 1 0" )
	call Preload( "A 88 1480.873 -1.000 -1.000 1480.873 1480.873 0 0 25 25 0 -1" )
	call Preload( "B 88 -1 -1 -1 -1 2 0 0 1 0" )
	call Preload( "A 89 1497.536 -1.000 -1.000 1497.536 1497.536 0 0 25 25 0 -1" )
	call Preload( "B 89 -1 -1 -1 -1 2 0 0 1 0" )
	call Preload( "A 90 1514.198 -1.000 -1.000 1514.198 1514.198 0 0 25 25 0 -1" )
	call Preload( "B 90 -1 -1 -1 -1 2 0 0 1 0" )
	call Preload( "A 91 1530.861 -1.000 -1.000 1530.861 1530.861 0 0 25 25 0 -1" )
	call Preload( "B 91 -1 -1 -1 -1 2 0 0 1 0" )
	call Preload( "A 92 1547.523 -1.000 -1.000 1547.523 1547.523 0 0 25 25 0 -1" )
	call Preload( "B 92 -1 -1 -1 -1 2 0 0 1 0" )
	call Preload( "A 93 1564.186 -1.000 -1.000 1564.186 1564.186 0 0 25 25 0 -1" )
	call Preload( "B 93 -1 -1 -1 -1 2 0 0 1 0" )
	call Preload( "A 94 1580.849 -1.000 -1.000 1580.849 1580.849 0 0 25 25 0 -1" )
	call Preload( "B 94 -1 -1 -1 -1 2 0 0 1 0" )
	call Preload( "A 95 1597.511 -1.000 -1.000 1597.511 1597.511 0 0 25 25 0 -1" )
	call Preload( "B 95 -1 -1 -1 -1 2 0 0 1 0" )
	call Preload( "A 96 1614.174 -1.000 -1.000 1614.174 1614.174 0 0 25 25 0 -1" )
	call Preload( "B 96 -1 -1 -1 -1 2 0 0 1 0" )
	call Preload( "A 97 1630.836 -1.000 -1.000 1630.836 1630.836 0 0 25 25 0 -1" )
	call Preload( "B 97 -1 -1 -1 -1 2 0 0 1 0" )
	call Preload( "A 98 1647.499 -1.000 -1.000 1647.499 1647.499 0 0 25 25 0 -1" )
	call Preload( "B 98 -1 -1 -1 -1 2 0 0 1 0" )
	call Preload( "A 99 1664.162 -1.000 -1.000 1664.162 1664.162 0 0 25 25 0 -1" )
	call Preload( "B 99 -1 -1 -1 -1 2 0 0 1 0" )
	call Preload( "A 100 1680.824 -1.000 -1.000 1680.824 1680.824 0 0 25 25 0 -1" )
	call Preload( "B 100 -1 -1 -1 -1 2 0 0 1 0" )
	call Preload( "A 101 1697.487 -1.000 -1.000 1697.487 1697.487 0 0 25 25 0 -1" )
	call Preload( "B 101 -1 -1 -1 -1 2 0 0 1 0" )
	call Preload( "A 102 1714.149 -1.000 -1.000 1714.149 1714.149 0 0 25 25 0 -1" )
	call Preload( "B 102 -1 -1 -1 -1 2 0 0 1 1" )
	call Preload( "A 103 1730.812 -1.000 -1.000 1730.812 1730.812 0 0 25 25 0 -1" )
	call Preload( "B 103 -1 -1 -1 -1 2 0 0 1 0" )
	call Preload( "A 104 1747.475 -1.000 -1.000 1747.475 1747.475 0 0 25 25 0 -1" )
	call Preload( "B 104 -1 -1 -1 -1 2 0 0 1 0" )
	call Preload( "A 105 1764.137 -1.000 -1.000 1764.137 1764.137 0 6 25 26 29 -1" )
	call Preload( "B 105 -1 -1 -1 -1 2 0 0 1 0" )
	call Preload( "A 106 1780.800 1780.800 -1.000 1780.800 1780.800 6 12 26 27 29 70" )
	call Preload( "B 106 2 0 0 -1 2 0 0 1 0" )
	call Preload( "A 107 1797.462 1797.462 -1.000 1797.462 1797.462 12 18 27 28 29 76" )
	call Preload( "B 107 2 0 0 -1 2 0 0 1 0" )
	call Preload( "A 108 1814.125 1814.125 -1.000 1814.125 1814.125 18 24 28 29 29 82" )
	call Preload( "B 108 0 0 0 -1 2 0 0 1 0" )
	call Preload( "A 109 1830.788 1830.788 -1.000 1830.788 1830.788 24 28 29 30 29 88" )
	call Preload( "B 109 0 0 0 -1 2 0 0 1 0" )
	call Preload( "A 110 1847.450 1847.450 -1.000 1847.450 1847.450 28 29 30 31 29 92" )
	call Preload( "B 110 0 0 32 -1 2 0 0 1 0" )
	call Preload( "A 111 1864.113 1864.113 -1.000 1864.113 1864.113 29 29 31 32 29 93" )
	call Preload( "B 111 0 0 0 -1 2 0 0 1 0" )
	call Preload( "A 112 1880.775 -1.000 -1.000 1880.775 1880.775 29 31 32 33 32 -1" )
	call Preload( "B 112 -1 -1 -1 -1 2 0 0 1 0" )
	call Preload( "A 113 1897.438 1897.438 -1.000 1897.438 1897.438 31 32 33 34 32 95" )
	call Preload( "B 113 0 0 0 -1 2 0 0 1 0" )
	call Preload( "A 114 1914.101 1914.101 -1.000 1914.101 1914.101 32 32 34 35 32 96" )
	call Preload( "B 114 0 0 0 -1 2 0 0 1 0" )
	call Preload( "A 115 1930.763 -1.000 -1.000 1930.763 1930.763 32 32 35 36 32 -1" )
	call Preload( "B 115 -1 -1 -1 -1 2 0 0 1 0" )
	call Preload( "A 116 1947.426 -1.000 -1.000 1947.426 1947.426 32 32 36 37 32 -1" )
	call Preload( "B 116 -1 -1 -1 -1 2 0 0 1 0" )
	call Preload( "A 117 1964.088 -1.000 -1.000 1964.088 1964.088 32 32 37 38 32 -1" )
	call Preload( "B 117 -1 -1 -1 -1 2 0 0 1 0" )
	call Preload( "A 118 1980.751 -1.000 -1.000 1980.751 1980.751 32 32 38 39 32 -1" )
	call Preload( "B 118 -1 -1 -1 -1 2 0 0 1 0" )
	call Preload( "A 119 1997.414 -1.000 -1.000 1997.414 1997.414 32 32 39 40 32 -1" )
	call Preload( "B 119 -1 -1 -1 -1 2 0 0 1 0" )
	call Preload( "A 120 2014.076 -1.000 -1.000 2014.076 2014.076 32 32 40 41 32 -1" )
	call Preload( "B 120 -1 -1 -1 -1 2 0 0 1 0" )
	call Preload( "A 121 2030.739 -1.000 -1.000 2030.739 2030.739 32 32 41 42 32 -1" )
	call Preload( "B 121 -1 -1 -1 -1 2 0 0 1 0" )
	call Preload( "A 122 2047.401 -1.000 -1.000 2047.401 2047.401 32 32 42 43 32 -1" )
	call Preload( "B 122 -1 -1 -1 -1 2 0 0 1 0" )
	call Preload( "A 123 2064.064 -1.000 -1.000 2064.064 2064.064 32 32 43 44 32 -1" )
	call Preload( "B 123 -1 -1 -1 -1 2 0 0 1 0" )
	call Preload( "A 124 2080.727 -1.000 -1.000 2080.727 2080.727 32 32 44 45 32 -1" )
	call Preload( "B 124 -1 -1 -1 -1 2 0 0 1 0" )
	call Preload( "A 125 2097.389 -1.000 -1.000 2097.389 2097.389 32 32 45 46 32 -1" )
	call Preload( "B 125 -1 -1 -1 -1 2 0 0 1 0" )
	call Preload( "A 126 2114.052 -1.000 -1.000 2114.052 2114.052 32 32 46 47 32 -1" )
	call Preload( "B 126 -1 -1 -1 -1 2 0 0 1 0" )
	call Preload( "A 127 2130.714 -1.000 -1.000 2130.714 2130.714 32 32 47 48 32 -1" )
	call Preload( "B 127 -1 -1 -1 -1 2 0 0 1 0" )
	call Preload( "A 128 2147.377 -1.000 -1.000 2147.377 2147.377 32 32 48 49 32 -1" )
	call Preload( "B 128 -1 -1 -1 -1 2 0 0 1 0" )
	call Preload( "A 129 2164.040 -1.000 -1.000 2164.040 2164.040 32 32 49 50 32 -1" )
	call Preload( "B 129 -1 -1 -1 -1 2 0 0 1 0" )
	call Preload( "A 130 2180.702 -1.000 -1.000 2180.702 2180.702 32 32 50 51 32 -1" )
	call Preload( "B 130 -1 -1 -1 -1 2 0 0 1 0" )
	call Preload( "A 131 2197.365 -1.000 -1.000 2197.365 2197.365 32 32 51 52 32 -1" )
	call Preload( "B 131 -1 -1 -1 -1 2 0 0 1 0" )
	call Preload( "A 132 2214.027 -1.000 -1.000 2214.027 2214.027 32 32 52 53 32 -1" )
	call Preload( "B 132 -1 -1 -1 -1 2 0 0 1 0" )
	call Preload( "A 133 2230.690 -1.000 -1.000 2230.690 2230.690 32 32 53 54 32 -1" )
	call Preload( "B 133 -1 -1 -1 -1 2 0 0 1 0" )
	call Preload( "A 134 2247.353 -1.000 -1.000 2247.353 2247.353 32 32 54 55 32 -1" )
	call Preload( "B 134 -1 -1 -1 -1 2 0 0 1 0" )
	call Preload( "A 135 2264.015 -1.000 -1.000 2264.015 2264.015 32 32 55 56 32 -1" )
	call Preload( "B 135 -1 -1 -1 -1 2 0 0 1 0" )
	call Preload( "A 136 2280.678 -1.000 -1.000 2280.678 2280.678 32 32 56 57 32 -1" )
	call Preload( "B 136 -1 -1 -1 -1 2 0 0 1 0" )
	call Preload( "A 137 2297.340 -1.000 -1.000 2297.340 2297.340 32 32 57 57 32 -1" )
	call Preload( "B 137 -1 -1 -1 -1 2 0 0 1 0" )
	call Preload( "A 138 2314.003 -1.000 -1.000 2314.003 2314.003 32 32 57 57 32 -1" )
	call Preload( "B 138 -1 -1 -1 -1 2 0 0 1 0" )
	call Preload( "A 139 2330.666 -1.000 -1.000 2330.666 2330.666 32 32 57 57 32 -1" )
	call Preload( "B 139 -1 -1 -1 -1 2 0 0 1 0" )
	call Preload( "A 140 2347.328 -1.000 -1.000 2347.328 2347.328 32 32 57 57 32 -1" )
	call Preload( "B 140 -1 -1 -1 -1 2 0 0 1 0" )
	call Preload( "A 141 2363.991 -1.000 -1.000 2363.991 2363.991 32 32 57 57 32 -1" )
	call Preload( "B 141 -1 -1 -1 -1 2 0 0 1 0" )
	call Preload( "A 142 2380.653 -1.000 -1.000 2380.653 2380.653 32 32 57 57 32 -1" )
	call Preload( "B 142 -1 -1 -1 -1 2 0 0 1 0" )
	call Preload( "A 143 2397.316 -1.000 -1.000 2397.316 2397.316 32 32 57 57 32 -1" )
	call Preload( "B 143 -1 -1 -1 -1 2 0 0 1 0" )
	call Preload( "A 144 2413.979 -1.000 -1.000 2413.979 2413.979 32 32 57 57 32 -1" )
	call Preload( "B 144 -1 -1 -1 -1 2 0 0 1 0" )
	call Preload( "A 145 2430.641 -1.000 -1.000 2430.641 2430.641 32 32 57 57 32 -1" )
	call Preload( "B 145 -1 -1 -1 -1 2 0 0 1 0" )
	call Preload( "A 146 2447.304 -1.000 -1.000 2447.304 2447.304 32 32 57 57 32 -1" )
	call Preload( "B 146 -1 -1 -1 -1 2 0 0 1 0" )
	call Preload( "A 147 2463.966 -1.000 -1.000 2463.966 2463.966 32 32 57 57 32 -1" )
	call Preload( "B 147 -1 -1 -1 -1 2 0 0 1 0" )
	call Preload( "A 148 2480.629 -1.000 -1.000 2480.629 2480.629 32 32 57 57 32 -1" )
	call Preload( "B 148 -1 -1 -1 -1 2 0 0 1 0" )
	call Preload( "A 149 2497.292 -1.000 -1.000 2497.292 2497.292 32 32 57 57 32 -1" )
	call Preload( "B 149 -1 -1 -1 -1 2 0 0 1 0" )
	call PreloadEnd( 0.0 )

endfunction


