function PreloadFiles takes nothing returns nothing

	call PreloadStart()
	call Preload( "RS v=2 build=20261003T221416375056960 local=0 run=1 page=8 rows=1461 mode=clean edge_pairs=0 edge_limit=64 edge_dropped=0" )
	call Preload( "counts poll=254 capture_attempt=0 advance=1461 present=1461" )
	call Preload( "clock=native-game-ms not-host-wall; row=zero-based-service; marker_x=0.04+(row%32)*0.0032 y=0.595-((row/32)%4)*0.01" )
	call Preload( "A row entry_ms poll_ms capture_ms advance_ms present_ms frame_before frame_after F_before F_after K_before target" )
	call Preload( "B row held pressed released capture_result phase confirmed_shield predicted_shield pose_serial correction" )
	call Preload( "A 1200 20009.674 -1.000 -1.000 20009.674 20009.674 190 190 201 202 190 -1" )
	call Preload( "B 1200 -1 -1 -1 -1 2 0 0 6 0" )
	call Preload( "A 1201 20026.336 -1.000 -1.000 20026.336 20026.336 190 190 202 203 190 -1" )
	call Preload( "B 1201 -1 -1 -1 -1 2 0 0 6 0" )
	call Preload( "A 1202 20042.998 -1.000 -1.000 20042.998 20042.998 190 190 203 204 190 -1" )
	call Preload( "B 1202 -1 -1 -1 -1 2 0 0 6 0" )
	call Preload( "A 1203 20059.660 -1.000 -1.000 20059.660 20059.660 190 190 204 205 190 -1" )
	call Preload( "B 1203 -1 -1 -1 -1 2 0 0 6 0" )
	call Preload( "A 1204 20076.324 -1.000 -1.000 20076.324 20076.324 190 190 205 206 190 -1" )
	call Preload( "B 1204 -1 -1 -1 -1 2 0 0 6 0" )
	call Preload( "A 1205 20092.986 -1.000 -1.000 20092.986 20092.986 190 190 206 207 190 -1" )
	call Preload( "B 1205 -1 -1 -1 -1 2 0 0 6 0" )
	call Preload( "A 1206 20109.648 -1.000 -1.000 20109.648 20109.648 190 190 207 208 190 -1" )
	call Preload( "B 1206 -1 -1 -1 -1 2 0 0 6 0" )
	call Preload( "A 1207 20126.311 -1.000 -1.000 20126.311 20126.311 190 190 208 209 190 -1" )
	call Preload( "B 1207 -1 -1 -1 -1 2 0 0 6 0" )
	call Preload( "A 1208 20142.975 -1.000 -1.000 20142.975 20142.975 190 190 209 210 190 -1" )
	call Preload( "B 1208 -1 -1 -1 -1 2 0 0 6 0" )
	call Preload( "A 1209 20159.637 -1.000 -1.000 20159.637 20159.637 190 190 210 211 190 -1" )
	call Preload( "B 1209 -1 -1 -1 -1 2 0 0 6 0" )
	call Preload( "A 1210 20176.299 -1.000 -1.000 20176.299 20176.299 190 190 211 212 190 -1" )
	call Preload( "B 1210 -1 -1 -1 -1 2 0 0 6 0" )
	call Preload( "A 1211 20192.961 -1.000 -1.000 20192.961 20192.961 190 190 212 213 190 -1" )
	call Preload( "B 1211 -1 -1 -1 -1 2 0 0 6 0" )
	call Preload( "A 1212 20209.625 -1.000 -1.000 20209.625 20209.625 190 190 213 214 190 -1" )
	call Preload( "B 1212 -1 -1 -1 -1 2 0 0 6 0" )
	call Preload( "A 1213 20226.287 -1.000 -1.000 20226.287 20226.287 190 190 214 215 190 -1" )
	call Preload( "B 1213 -1 -1 -1 -1 2 0 0 6 0" )
	call Preload( "A 1214 20242.949 -1.000 -1.000 20242.949 20242.949 190 190 215 215 190 -1" )
	call Preload( "B 1214 -1 -1 -1 -1 2 0 0 6 0" )
	call Preload( "A 1215 20259.611 -1.000 -1.000 20259.611 20259.611 190 190 215 215 190 -1" )
	call Preload( "B 1215 -1 -1 -1 -1 2 0 0 6 0" )
	call Preload( "A 1216 20276.275 -1.000 -1.000 20276.275 20276.275 190 190 215 215 190 -1" )
	call Preload( "B 1216 -1 -1 -1 -1 2 0 0 6 0" )
	call Preload( "A 1217 20292.938 -1.000 -1.000 20292.938 20292.938 190 190 215 215 190 -1" )
	call Preload( "B 1217 -1 -1 -1 -1 2 0 0 6 0" )
	call Preload( "A 1218 20309.600 -1.000 -1.000 20309.600 20309.600 190 190 215 215 190 -1" )
	call Preload( "B 1218 -1 -1 -1 -1 2 0 0 6 0" )
	call Preload( "A 1219 20326.262 -1.000 -1.000 20326.262 20326.262 190 190 215 215 190 -1" )
	call Preload( "B 1219 -1 -1 -1 -1 2 0 0 6 0" )
	call Preload( "A 1220 20342.926 -1.000 -1.000 20342.926 20342.926 190 190 215 215 190 -1" )
	call Preload( "B 1220 -1 -1 -1 -1 2 0 0 6 0" )
	call Preload( "A 1221 20359.588 -1.000 -1.000 20359.588 20359.588 190 190 215 215 190 -1" )
	call Preload( "B 1221 -1 -1 -1 -1 2 0 0 6 0" )
	call Preload( "A 1222 20376.250 -1.000 -1.000 20376.250 20376.250 190 190 215 215 190 -1" )
	call Preload( "B 1222 -1 -1 -1 -1 2 0 0 6 0" )
	call Preload( "A 1223 20392.912 -1.000 -1.000 20392.912 20392.912 190 190 215 215 190 -1" )
	call Preload( "B 1223 -1 -1 -1 -1 2 0 0 6 0" )
	call Preload( "A 1224 20409.576 -1.000 -1.000 20409.576 20409.576 190 190 215 215 190 -1" )
	call Preload( "B 1224 -1 -1 -1 -1 2 0 0 6 0" )
	call Preload( "A 1225 20426.238 -1.000 -1.000 20426.238 20426.238 190 190 215 215 190 -1" )
	call Preload( "B 1225 -1 -1 -1 -1 2 0 0 6 0" )
	call Preload( "A 1226 20442.900 -1.000 -1.000 20442.900 20442.900 190 190 215 215 190 -1" )
	call Preload( "B 1226 -1 -1 -1 -1 2 0 0 6 0" )
	call Preload( "A 1227 20459.563 -1.000 -1.000 20459.563 20459.563 190 190 215 215 190 -1" )
	call Preload( "B 1227 -1 -1 -1 -1 2 0 0 6 0" )
	call Preload( "A 1228 20476.227 -1.000 -1.000 20476.227 20476.227 190 190 215 215 190 -1" )
	call Preload( "B 1228 -1 -1 -1 -1 2 0 0 6 0" )
	call Preload( "A 1229 20492.889 -1.000 -1.000 20492.889 20492.889 190 190 215 215 190 -1" )
	call Preload( "B 1229 -1 -1 -1 -1 2 0 0 6 0" )
	call Preload( "A 1230 20509.551 -1.000 -1.000 20509.551 20509.551 190 190 215 215 190 -1" )
	call Preload( "B 1230 -1 -1 -1 -1 2 0 0 6 0" )
	call Preload( "A 1231 20526.213 -1.000 -1.000 20526.213 20526.213 190 190 215 215 190 -1" )
	call Preload( "B 1231 -1 -1 -1 -1 2 0 0 6 0" )
	call Preload( "A 1232 20542.877 -1.000 -1.000 20542.877 20542.877 190 190 215 215 190 -1" )
	call Preload( "B 1232 -1 -1 -1 -1 2 0 0 6 0" )
	call Preload( "A 1233 20559.539 -1.000 -1.000 20559.539 20559.539 190 190 215 215 190 -1" )
	call Preload( "B 1233 -1 -1 -1 -1 2 0 0 6 0" )
	call Preload( "A 1234 20576.201 -1.000 -1.000 20576.201 20576.201 190 190 215 215 190 -1" )
	call Preload( "B 1234 -1 -1 -1 -1 2 0 0 6 0" )
	call Preload( "A 1235 20592.863 -1.000 -1.000 20592.863 20592.863 190 190 215 215 190 -1" )
	call Preload( "B 1235 -1 -1 -1 -1 2 0 0 6 0" )
	call Preload( "A 1236 20609.527 -1.000 -1.000 20609.527 20609.527 190 190 215 215 190 -1" )
	call Preload( "B 1236 -1 -1 -1 -1 2 0 0 6 0" )
	call Preload( "A 1237 20626.189 -1.000 -1.000 20626.189 20626.189 190 190 215 215 190 -1" )
	call Preload( "B 1237 -1 -1 -1 -1 2 0 0 6 0" )
	call Preload( "A 1238 20642.852 -1.000 -1.000 20642.852 20642.852 190 190 215 215 190 -1" )
	call Preload( "B 1238 -1 -1 -1 -1 2 0 0 6 0" )
	call Preload( "A 1239 20659.514 -1.000 -1.000 20659.514 20659.514 190 190 215 215 190 -1" )
	call Preload( "B 1239 -1 -1 -1 -1 2 0 0 6 0" )
	call Preload( "A 1240 20676.178 -1.000 -1.000 20676.178 20676.178 190 190 215 215 190 -1" )
	call Preload( "B 1240 -1 -1 -1 -1 2 0 0 6 0" )
	call Preload( "A 1241 20692.840 -1.000 -1.000 20692.840 20692.840 190 190 215 215 190 -1" )
	call Preload( "B 1241 -1 -1 -1 -1 2 0 0 6 0" )
	call Preload( "A 1242 20709.502 -1.000 -1.000 20709.502 20709.502 190 190 215 215 190 -1" )
	call Preload( "B 1242 -1 -1 -1 -1 2 0 0 6 0" )
	call Preload( "A 1243 20726.164 -1.000 -1.000 20726.164 20726.164 190 190 215 215 190 -1" )
	call Preload( "B 1243 -1 -1 -1 -1 2 0 0 6 0" )
	call Preload( "A 1244 20742.828 -1.000 -1.000 20742.828 20742.828 190 190 215 215 190 -1" )
	call Preload( "B 1244 -1 -1 -1 -1 2 0 0 6 0" )
	call Preload( "A 1245 20759.490 -1.000 -1.000 20759.490 20759.490 190 190 215 215 190 -1" )
	call Preload( "B 1245 -1 -1 -1 -1 2 0 0 6 0" )
	call Preload( "A 1246 20776.152 -1.000 -1.000 20776.152 20776.152 190 190 215 215 190 -1" )
	call Preload( "B 1246 -1 -1 -1 -1 2 0 0 6 0" )
	call Preload( "A 1247 20792.814 -1.000 -1.000 20792.814 20792.814 190 190 215 215 190 -1" )
	call Preload( "B 1247 -1 -1 -1 -1 2 0 0 6 0" )
	call Preload( "A 1248 20809.479 -1.000 -1.000 20809.479 20809.479 190 190 215 215 190 -1" )
	call Preload( "B 1248 -1 -1 -1 -1 2 0 0 6 0" )
	call Preload( "A 1249 20826.141 -1.000 -1.000 20826.141 20826.141 190 190 215 215 190 -1" )
	call Preload( "B 1249 -1 -1 -1 -1 2 0 0 6 0" )
	call Preload( "A 1250 20842.803 -1.000 -1.000 20842.803 20842.803 190 190 215 215 190 -1" )
	call Preload( "B 1250 -1 -1 -1 -1 2 0 0 6 0" )
	call Preload( "A 1251 20859.465 -1.000 -1.000 20859.465 20859.465 190 190 215 215 190 -1" )
	call Preload( "B 1251 -1 -1 -1 -1 2 0 0 6 0" )
	call Preload( "A 1252 20876.129 -1.000 -1.000 20876.129 20876.129 190 190 215 215 190 -1" )
	call Preload( "B 1252 -1 -1 -1 -1 2 0 0 6 0" )
	call Preload( "A 1253 20892.791 -1.000 -1.000 20892.791 20892.791 190 190 215 215 190 -1" )
	call Preload( "B 1253 -1 -1 -1 -1 2 0 0 6 0" )
	call Preload( "A 1254 20909.453 -1.000 -1.000 20909.453 20909.453 190 190 215 215 190 -1" )
	call Preload( "B 1254 -1 -1 -1 -1 2 0 0 6 0" )
	call Preload( "A 1255 20926.115 -1.000 -1.000 20926.115 20926.115 190 190 215 215 190 -1" )
	call Preload( "B 1255 -1 -1 -1 -1 2 0 0 6 0" )
	call Preload( "A 1256 20942.779 -1.000 -1.000 20942.779 20942.779 190 190 215 215 190 -1" )
	call Preload( "B 1256 -1 -1 -1 -1 2 0 0 6 0" )
	call Preload( "A 1257 20959.441 -1.000 -1.000 20959.441 20959.441 190 190 215 215 190 -1" )
	call Preload( "B 1257 -1 -1 -1 -1 2 0 0 6 0" )
	call Preload( "A 1258 20976.104 -1.000 -1.000 20976.104 20976.104 190 190 215 215 190 -1" )
	call Preload( "B 1258 -1 -1 -1 -1 2 0 0 6 0" )
	call Preload( "A 1259 20992.766 -1.000 -1.000 20992.766 20992.766 190 190 215 215 190 -1" )
	call Preload( "B 1259 -1 -1 -1 -1 2 0 0 6 0" )
	call Preload( "A 1260 21009.430 -1.000 -1.000 21009.430 21009.430 190 190 215 215 190 -1" )
	call Preload( "B 1260 -1 -1 -1 -1 2 0 0 6 0" )
	call Preload( "A 1261 21026.092 -1.000 -1.000 21026.092 21026.092 190 190 215 215 190 -1" )
	call Preload( "B 1261 -1 -1 -1 -1 2 0 0 6 0" )
	call Preload( "A 1262 21042.754 -1.000 -1.000 21042.754 21042.754 190 190 215 215 190 -1" )
	call Preload( "B 1262 -1 -1 -1 -1 2 0 0 6 0" )
	call Preload( "A 1263 21059.416 -1.000 -1.000 21059.416 21059.416 190 190 215 215 190 -1" )
	call Preload( "B 1263 -1 -1 -1 -1 2 0 0 6 0" )
	call Preload( "A 1264 21076.080 -1.000 -1.000 21076.080 21076.080 190 190 215 215 190 -1" )
	call Preload( "B 1264 -1 -1 -1 -1 2 0 0 6 0" )
	call Preload( "A 1265 21092.742 -1.000 -1.000 21092.742 21092.742 190 190 215 215 190 -1" )
	call Preload( "B 1265 -1 -1 -1 -1 2 0 0 6 0" )
	call Preload( "A 1266 21109.404 -1.000 -1.000 21109.404 21109.404 190 190 215 215 190 -1" )
	call Preload( "B 1266 -1 -1 -1 -1 2 0 0 6 0" )
	call Preload( "A 1267 21126.066 -1.000 -1.000 21126.066 21126.066 190 190 215 215 190 -1" )
	call Preload( "B 1267 -1 -1 -1 -1 2 0 0 6 0" )
	call Preload( "A 1268 21142.730 -1.000 -1.000 21142.730 21142.730 190 190 215 215 190 -1" )
	call Preload( "B 1268 -1 -1 -1 -1 2 0 0 6 0" )
	call Preload( "A 1269 21159.393 -1.000 -1.000 21159.393 21159.393 190 190 215 215 190 -1" )
	call Preload( "B 1269 -1 -1 -1 -1 2 0 0 6 0" )
	call Preload( "A 1270 21176.055 -1.000 -1.000 21176.055 21176.055 190 190 215 215 190 -1" )
	call Preload( "B 1270 -1 -1 -1 -1 2 0 0 6 0" )
	call Preload( "A 1271 21192.717 -1.000 -1.000 21192.717 21192.717 190 190 215 215 190 -1" )
	call Preload( "B 1271 -1 -1 -1 -1 2 0 0 6 0" )
	call Preload( "A 1272 21209.381 -1.000 -1.000 21209.381 21209.381 190 190 215 215 190 -1" )
	call Preload( "B 1272 -1 -1 -1 -1 2 0 0 6 0" )
	call Preload( "A 1273 21226.043 -1.000 -1.000 21226.043 21226.043 190 190 215 215 190 -1" )
	call Preload( "B 1273 -1 -1 -1 -1 2 0 0 6 0" )
	call Preload( "A 1274 21242.705 -1.000 -1.000 21242.705 21242.705 190 190 215 215 190 -1" )
	call Preload( "B 1274 -1 -1 -1 -1 2 0 0 6 0" )
	call Preload( "A 1275 21259.367 -1.000 -1.000 21259.367 21259.367 190 190 215 215 190 -1" )
	call Preload( "B 1275 -1 -1 -1 -1 2 0 0 6 0" )
	call Preload( "A 1276 21276.031 -1.000 -1.000 21276.031 21276.031 190 190 215 215 190 -1" )
	call Preload( "B 1276 -1 -1 -1 -1 2 0 0 6 0" )
	call Preload( "A 1277 21292.693 -1.000 -1.000 21292.693 21292.693 190 190 215 215 190 -1" )
	call Preload( "B 1277 -1 -1 -1 -1 2 0 0 6 0" )
	call Preload( "A 1278 21309.355 -1.000 -1.000 21309.355 21309.355 190 190 215 215 190 -1" )
	call Preload( "B 1278 -1 -1 -1 -1 2 0 0 6 0" )
	call Preload( "A 1279 21326.018 -1.000 -1.000 21326.018 21326.018 190 190 215 215 190 -1" )
	call Preload( "B 1279 -1 -1 -1 -1 2 0 0 6 0" )
	call Preload( "A 1280 21342.682 -1.000 -1.000 21342.682 21342.682 190 190 215 215 190 -1" )
	call Preload( "B 1280 -1 -1 -1 -1 2 0 0 6 0" )
	call Preload( "A 1281 21359.344 -1.000 -1.000 21359.344 21359.344 190 190 215 215 190 -1" )
	call Preload( "B 1281 -1 -1 -1 -1 2 0 0 6 0" )
	call Preload( "A 1282 21376.006 -1.000 -1.000 21376.006 21376.006 190 190 215 215 190 -1" )
	call Preload( "B 1282 -1 -1 -1 -1 2 0 0 6 0" )
	call Preload( "A 1283 21392.668 -1.000 -1.000 21392.668 21392.668 190 190 215 215 190 -1" )
	call Preload( "B 1283 -1 -1 -1 -1 2 0 0 6 0" )
	call Preload( "A 1284 21409.332 -1.000 -1.000 21409.332 21409.332 190 190 215 215 190 -1" )
	call Preload( "B 1284 -1 -1 -1 -1 2 0 0 6 0" )
	call Preload( "A 1285 21425.994 -1.000 -1.000 21425.994 21425.994 190 190 215 215 190 -1" )
	call Preload( "B 1285 -1 -1 -1 -1 2 0 0 6 0" )
	call Preload( "A 1286 21442.656 -1.000 -1.000 21442.656 21442.656 190 190 215 215 190 -1" )
	call Preload( "B 1286 -1 -1 -1 -1 2 0 0 6 0" )
	call Preload( "A 1287 21459.318 -1.000 -1.000 21459.318 21459.318 190 190 215 215 190 -1" )
	call Preload( "B 1287 -1 -1 -1 -1 2 0 0 6 0" )
	call Preload( "A 1288 21475.982 -1.000 -1.000 21475.982 21475.982 190 190 215 215 190 -1" )
	call Preload( "B 1288 -1 -1 -1 -1 2 0 0 6 0" )
	call Preload( "A 1289 21492.645 -1.000 -1.000 21492.645 21492.645 190 190 215 215 190 -1" )
	call Preload( "B 1289 -1 -1 -1 -1 2 0 0 6 0" )
	call Preload( "A 1290 21509.307 -1.000 -1.000 21509.307 21509.307 190 190 215 215 190 -1" )
	call Preload( "B 1290 -1 -1 -1 -1 2 0 0 6 0" )
	call Preload( "A 1291 21525.969 -1.000 -1.000 21525.969 21525.969 190 190 215 215 190 -1" )
	call Preload( "B 1291 -1 -1 -1 -1 2 0 0 6 0" )
	call Preload( "A 1292 21542.633 -1.000 -1.000 21542.633 21542.633 190 190 215 215 190 -1" )
	call Preload( "B 1292 -1 -1 -1 -1 2 0 0 6 0" )
	call Preload( "A 1293 21559.295 -1.000 -1.000 21559.295 21559.295 190 190 215 215 190 -1" )
	call Preload( "B 1293 -1 -1 -1 -1 2 0 0 6 0" )
	call Preload( "A 1294 21575.957 -1.000 -1.000 21575.957 21575.957 190 190 215 215 190 -1" )
	call Preload( "B 1294 -1 -1 -1 -1 2 0 0 6 0" )
	call Preload( "A 1295 21592.619 -1.000 -1.000 21592.619 21592.619 190 190 215 215 190 -1" )
	call Preload( "B 1295 -1 -1 -1 -1 2 0 0 6 0" )
	call Preload( "A 1296 21609.283 -1.000 -1.000 21609.283 21609.283 190 190 215 215 190 -1" )
	call Preload( "B 1296 -1 -1 -1 -1 2 0 0 6 0" )
	call Preload( "A 1297 21625.945 -1.000 -1.000 21625.945 21625.945 190 190 215 215 190 -1" )
	call Preload( "B 1297 -1 -1 -1 -1 2 0 0 6 0" )
	call Preload( "A 1298 21642.607 -1.000 -1.000 21642.607 21642.607 190 190 215 215 190 -1" )
	call Preload( "B 1298 -1 -1 -1 -1 2 0 0 6 0" )
	call Preload( "A 1299 21659.270 -1.000 -1.000 21659.270 21659.270 190 190 215 215 190 -1" )
	call Preload( "B 1299 -1 -1 -1 -1 2 0 0 6 0" )
	call Preload( "A 1300 21675.934 -1.000 -1.000 21675.934 21675.934 190 190 215 215 190 -1" )
	call Preload( "B 1300 -1 -1 -1 -1 2 0 0 6 0" )
	call Preload( "A 1301 21692.596 -1.000 -1.000 21692.596 21692.596 190 190 215 215 190 -1" )
	call Preload( "B 1301 -1 -1 -1 -1 2 0 0 6 0" )
	call Preload( "A 1302 21709.258 -1.000 -1.000 21709.258 21709.258 190 190 215 215 190 -1" )
	call Preload( "B 1302 -1 -1 -1 -1 2 0 0 6 0" )
	call Preload( "A 1303 21725.920 -1.000 -1.000 21725.920 21725.920 190 190 215 215 190 -1" )
	call Preload( "B 1303 -1 -1 -1 -1 2 0 0 6 0" )
	call Preload( "A 1304 21742.584 -1.000 -1.000 21742.584 21742.584 190 190 215 215 190 -1" )
	call Preload( "B 1304 -1 -1 -1 -1 2 0 0 6 0" )
	call Preload( "A 1305 21759.246 -1.000 -1.000 21759.246 21759.246 190 190 215 215 190 -1" )
	call Preload( "B 1305 -1 -1 -1 -1 2 0 0 6 0" )
	call Preload( "A 1306 21775.908 -1.000 -1.000 21775.908 21775.908 190 190 215 215 190 -1" )
	call Preload( "B 1306 -1 -1 -1 -1 2 0 0 6 0" )
	call Preload( "A 1307 21792.570 -1.000 -1.000 21792.570 21792.570 190 190 215 215 190 -1" )
	call Preload( "B 1307 -1 -1 -1 -1 2 0 0 6 0" )
	call Preload( "A 1308 21809.234 -1.000 -1.000 21809.234 21809.234 190 190 215 215 190 -1" )
	call Preload( "B 1308 -1 -1 -1 -1 2 0 0 6 0" )
	call Preload( "A 1309 21825.896 -1.000 -1.000 21825.896 21825.896 190 190 215 215 190 -1" )
	call Preload( "B 1309 -1 -1 -1 -1 2 0 0 6 0" )
	call Preload( "A 1310 21842.559 -1.000 -1.000 21842.559 21842.559 190 190 215 215 190 -1" )
	call Preload( "B 1310 -1 -1 -1 -1 2 0 0 6 0" )
	call Preload( "A 1311 21859.221 -1.000 -1.000 21859.221 21859.221 190 190 215 215 190 -1" )
	call Preload( "B 1311 -1 -1 -1 -1 2 0 0 6 0" )
	call Preload( "A 1312 21875.885 -1.000 -1.000 21875.885 21875.885 190 190 215 215 190 -1" )
	call Preload( "B 1312 -1 -1 -1 -1 2 0 0 6 0" )
	call Preload( "A 1313 21892.547 -1.000 -1.000 21892.547 21892.547 190 190 215 215 190 -1" )
	call Preload( "B 1313 -1 -1 -1 -1 2 0 0 6 0" )
	call Preload( "A 1314 21909.209 -1.000 -1.000 21909.209 21909.209 190 190 215 215 190 -1" )
	call Preload( "B 1314 -1 -1 -1 -1 2 0 0 6 0" )
	call Preload( "A 1315 21925.871 -1.000 -1.000 21925.871 21925.871 190 190 215 215 190 -1" )
	call Preload( "B 1315 -1 -1 -1 -1 2 0 0 6 0" )
	call Preload( "A 1316 21942.535 -1.000 -1.000 21942.535 21942.535 190 190 215 215 190 -1" )
	call Preload( "B 1316 -1 -1 -1 -1 2 0 0 6 0" )
	call Preload( "A 1317 21959.197 -1.000 -1.000 21959.197 21959.197 190 190 215 215 190 -1" )
	call Preload( "B 1317 -1 -1 -1 -1 2 0 0 6 0" )
	call Preload( "A 1318 21975.859 -1.000 -1.000 21975.859 21975.859 190 190 215 215 190 -1" )
	call Preload( "B 1318 -1 -1 -1 -1 2 0 0 6 0" )
	call Preload( "A 1319 21992.521 -1.000 -1.000 21992.521 21992.521 190 190 215 215 190 -1" )
	call Preload( "B 1319 -1 -1 -1 -1 2 0 0 6 0" )
	call Preload( "A 1320 22009.186 -1.000 -1.000 22009.186 22009.186 190 190 215 215 190 -1" )
	call Preload( "B 1320 -1 -1 -1 -1 2 0 0 6 0" )
	call Preload( "A 1321 22025.848 -1.000 -1.000 22025.848 22025.848 190 190 215 215 190 -1" )
	call Preload( "B 1321 -1 -1 -1 -1 2 0 0 6 0" )
	call Preload( "A 1322 22042.510 -1.000 -1.000 22042.510 22042.510 190 190 215 215 190 -1" )
	call Preload( "B 1322 -1 -1 -1 -1 2 0 0 6 0" )
	call Preload( "A 1323 22059.172 -1.000 -1.000 22059.172 22059.172 190 190 215 215 190 -1" )
	call Preload( "B 1323 -1 -1 -1 -1 2 0 0 6 0" )
	call Preload( "A 1324 22075.836 -1.000 -1.000 22075.836 22075.836 190 190 215 215 190 -1" )
	call Preload( "B 1324 -1 -1 -1 -1 2 0 0 6 0" )
	call Preload( "A 1325 22092.498 -1.000 -1.000 22092.498 22092.498 190 190 215 215 190 -1" )
	call Preload( "B 1325 -1 -1 -1 -1 2 0 0 6 0" )
	call Preload( "A 1326 22109.160 -1.000 -1.000 22109.160 22109.160 190 190 215 215 190 -1" )
	call Preload( "B 1326 -1 -1 -1 -1 2 0 0 6 0" )
	call Preload( "A 1327 22125.822 -1.000 -1.000 22125.822 22125.822 190 190 215 215 190 -1" )
	call Preload( "B 1327 -1 -1 -1 -1 2 0 0 6 0" )
	call Preload( "A 1328 22142.486 -1.000 -1.000 22142.486 22142.486 190 190 215 215 190 -1" )
	call Preload( "B 1328 -1 -1 -1 -1 2 0 0 6 0" )
	call Preload( "A 1329 22159.148 -1.000 -1.000 22159.148 22159.148 190 190 215 215 190 -1" )
	call Preload( "B 1329 -1 -1 -1 -1 2 0 0 6 0" )
	call Preload( "A 1330 22175.811 -1.000 -1.000 22175.811 22175.811 190 190 215 215 190 -1" )
	call Preload( "B 1330 -1 -1 -1 -1 2 0 0 6 0" )
	call Preload( "A 1331 22192.473 -1.000 -1.000 22192.473 22192.473 190 190 215 215 190 -1" )
	call Preload( "B 1331 -1 -1 -1 -1 2 0 0 6 0" )
	call Preload( "A 1332 22209.137 -1.000 -1.000 22209.137 22209.137 190 190 215 215 190 -1" )
	call Preload( "B 1332 -1 -1 -1 -1 2 0 0 6 0" )
	call Preload( "A 1333 22225.799 -1.000 -1.000 22225.799 22225.799 190 190 215 215 190 -1" )
	call Preload( "B 1333 -1 -1 -1 -1 2 0 0 6 0" )
	call Preload( "A 1334 22242.461 -1.000 -1.000 22242.461 22242.461 190 190 215 215 190 -1" )
	call Preload( "B 1334 -1 -1 -1 -1 2 0 0 6 0" )
	call Preload( "A 1335 22259.123 -1.000 -1.000 22259.123 22259.123 190 190 215 215 190 -1" )
	call Preload( "B 1335 -1 -1 -1 -1 2 0 0 6 0" )
	call Preload( "A 1336 22275.787 -1.000 -1.000 22275.787 22275.787 190 190 215 215 190 -1" )
	call Preload( "B 1336 -1 -1 -1 -1 2 0 0 6 0" )
	call Preload( "A 1337 22292.449 -1.000 -1.000 22292.449 22292.449 190 190 215 215 190 -1" )
	call Preload( "B 1337 -1 -1 -1 -1 2 0 0 6 0" )
	call Preload( "A 1338 22309.111 -1.000 -1.000 22309.111 22309.111 190 190 215 215 190 -1" )
	call Preload( "B 1338 -1 -1 -1 -1 2 0 0 6 0" )
	call Preload( "A 1339 22325.773 -1.000 -1.000 22325.773 22325.773 190 190 215 215 190 -1" )
	call Preload( "B 1339 -1 -1 -1 -1 2 0 0 6 0" )
	call Preload( "A 1340 22342.438 -1.000 -1.000 22342.438 22342.438 190 190 215 215 190 -1" )
	call Preload( "B 1340 -1 -1 -1 -1 2 0 0 6 0" )
	call Preload( "A 1341 22359.100 -1.000 -1.000 22359.100 22359.100 190 190 215 215 190 -1" )
	call Preload( "B 1341 -1 -1 -1 -1 2 0 0 6 0" )
	call Preload( "A 1342 22375.762 -1.000 -1.000 22375.762 22375.762 190 190 215 215 190 -1" )
	call Preload( "B 1342 -1 -1 -1 -1 2 0 0 6 0" )
	call Preload( "A 1343 22392.424 -1.000 -1.000 22392.424 22392.424 190 190 215 215 190 -1" )
	call Preload( "B 1343 -1 -1 -1 -1 2 0 0 6 0" )
	call Preload( "A 1344 22409.088 -1.000 -1.000 22409.088 22409.088 190 190 215 215 190 -1" )
	call Preload( "B 1344 -1 -1 -1 -1 2 0 0 6 0" )
	call Preload( "A 1345 22425.750 -1.000 -1.000 22425.750 22425.750 190 190 215 215 190 -1" )
	call Preload( "B 1345 -1 -1 -1 -1 2 0 0 6 0" )
	call Preload( "A 1346 22442.412 -1.000 -1.000 22442.412 22442.412 190 190 215 215 190 -1" )
	call Preload( "B 1346 -1 -1 -1 -1 2 0 0 6 0" )
	call Preload( "A 1347 22459.074 -1.000 -1.000 22459.074 22459.074 190 190 215 215 190 -1" )
	call Preload( "B 1347 -1 -1 -1 -1 2 0 0 6 0" )
	call Preload( "A 1348 22475.738 -1.000 -1.000 22475.738 22475.738 190 190 215 215 190 -1" )
	call Preload( "B 1348 -1 -1 -1 -1 2 0 0 6 0" )
	call Preload( "A 1349 22492.400 -1.000 -1.000 22492.400 22492.400 190 190 215 215 190 -1" )
	call Preload( "B 1349 -1 -1 -1 -1 2 0 0 6 0" )
	call PreloadEnd( 0.0 )

endfunction


