function PreloadFiles takes nothing returns nothing

	call PreloadStart()
	call Preload( "RS v=2 build=20261003T221416375056960 local=1 run=1 page=7 rows=2179 mode=clean edge_pairs=0 edge_limit=64 edge_dropped=0" )
	call Preload( "counts poll=416 capture_attempt=0 advance=2179 present=2179" )
	call Preload( "clock=native-game-ms not-host-wall; row=zero-based-service; marker_x=0.04+(row%32)*0.0032 y=0.595-((row/32)%4)*0.01" )
	call Preload( "A row entry_ms poll_ms capture_ms advance_ms present_ms frame_before frame_after F_before F_after K_before target" )
	call Preload( "B row held pressed released capture_result phase confirmed_shield predicted_shield pose_serial correction" )
	call Preload( "A 1050 17503.975 -1.000 -1.000 17503.975 17503.975 192 192 217 217 192 -1" )
	call Preload( "B 1050 -1 -1 -1 -1 2 0 0 2 0" )
	call Preload( "A 1051 17520.637 -1.000 -1.000 17520.637 17520.637 192 192 217 217 192 -1" )
	call Preload( "B 1051 -1 -1 -1 -1 2 0 0 2 0" )
	call Preload( "A 1052 17537.299 -1.000 -1.000 17537.299 17537.299 192 192 217 217 192 -1" )
	call Preload( "B 1052 -1 -1 -1 -1 2 0 0 2 0" )
	call Preload( "A 1053 17553.961 -1.000 -1.000 17553.961 17553.961 192 192 217 217 192 -1" )
	call Preload( "B 1053 -1 -1 -1 -1 2 0 0 2 0" )
	call Preload( "A 1054 17570.625 -1.000 -1.000 17570.625 17570.625 192 192 217 217 192 -1" )
	call Preload( "B 1054 -1 -1 -1 -1 2 0 0 2 0" )
	call Preload( "A 1055 17587.287 -1.000 -1.000 17587.287 17587.287 192 192 217 217 192 -1" )
	call Preload( "B 1055 -1 -1 -1 -1 2 0 0 2 0" )
	call Preload( "A 1056 17603.949 -1.000 -1.000 17603.949 17603.949 192 192 217 217 192 -1" )
	call Preload( "B 1056 -1 -1 -1 -1 2 0 0 2 0" )
	call Preload( "A 1057 17620.611 -1.000 -1.000 17620.611 17620.611 192 192 217 217 192 -1" )
	call Preload( "B 1057 -1 -1 -1 -1 2 0 0 2 0" )
	call Preload( "A 1058 17637.275 -1.000 -1.000 17637.275 17637.275 192 192 217 217 192 -1" )
	call Preload( "B 1058 -1 -1 -1 -1 2 0 0 2 0" )
	call Preload( "A 1059 17653.938 -1.000 -1.000 17653.938 17653.938 192 192 217 217 192 -1" )
	call Preload( "B 1059 -1 -1 -1 -1 2 0 0 2 0" )
	call Preload( "A 1060 17670.600 -1.000 -1.000 17670.600 17670.600 192 192 217 217 192 -1" )
	call Preload( "B 1060 -1 -1 -1 -1 2 0 0 2 0" )
	call Preload( "A 1061 17687.262 -1.000 -1.000 17687.262 17687.262 192 192 217 217 192 -1" )
	call Preload( "B 1061 -1 -1 -1 -1 2 0 0 2 0" )
	call Preload( "A 1062 17703.926 -1.000 -1.000 17703.926 17703.926 192 192 217 217 192 -1" )
	call Preload( "B 1062 -1 -1 -1 -1 2 0 0 2 0" )
	call Preload( "A 1063 17720.588 -1.000 -1.000 17720.588 17720.588 192 192 217 217 192 -1" )
	call Preload( "B 1063 -1 -1 -1 -1 2 0 0 2 0" )
	call Preload( "A 1064 17737.250 -1.000 -1.000 17737.250 17737.250 192 192 217 217 192 -1" )
	call Preload( "B 1064 -1 -1 -1 -1 2 0 0 2 0" )
	call Preload( "A 1065 17753.912 -1.000 -1.000 17753.912 17753.912 192 192 217 217 192 -1" )
	call Preload( "B 1065 -1 -1 -1 -1 2 0 0 2 0" )
	call Preload( "A 1066 17770.576 -1.000 -1.000 17770.576 17770.576 192 192 217 217 192 -1" )
	call Preload( "B 1066 -1 -1 -1 -1 2 0 0 2 0" )
	call Preload( "A 1067 17787.238 -1.000 -1.000 17787.238 17787.238 192 192 217 217 192 -1" )
	call Preload( "B 1067 -1 -1 -1 -1 2 0 0 2 0" )
	call Preload( "A 1068 17803.900 -1.000 -1.000 17803.900 17803.900 192 192 217 217 192 -1" )
	call Preload( "B 1068 -1 -1 -1 -1 2 0 0 2 0" )
	call Preload( "A 1069 17820.563 -1.000 -1.000 17820.563 17820.563 192 192 217 217 192 -1" )
	call Preload( "B 1069 -1 -1 -1 -1 2 0 0 2 0" )
	call Preload( "A 1070 17837.227 -1.000 -1.000 17837.227 17837.227 192 192 217 217 192 -1" )
	call Preload( "B 1070 -1 -1 -1 -1 2 0 0 2 0" )
	call Preload( "A 1071 17853.889 -1.000 -1.000 17853.889 17853.889 192 192 217 217 192 -1" )
	call Preload( "B 1071 -1 -1 -1 -1 2 0 0 2 0" )
	call Preload( "A 1072 17870.551 -1.000 -1.000 17870.551 17870.551 192 192 217 217 192 -1" )
	call Preload( "B 1072 -1 -1 -1 -1 2 0 0 2 0" )
	call Preload( "A 1073 17887.213 -1.000 -1.000 17887.213 17887.213 192 192 217 217 192 -1" )
	call Preload( "B 1073 -1 -1 -1 -1 2 0 0 2 0" )
	call Preload( "A 1074 17903.877 -1.000 -1.000 17903.877 17903.877 192 192 217 217 192 -1" )
	call Preload( "B 1074 -1 -1 -1 -1 2 0 0 2 0" )
	call Preload( "A 1075 17920.539 -1.000 -1.000 17920.539 17920.539 192 192 217 217 192 -1" )
	call Preload( "B 1075 -1 -1 -1 -1 2 0 0 2 0" )
	call Preload( "A 1076 17937.201 -1.000 -1.000 17937.201 17937.201 192 192 217 217 192 -1" )
	call Preload( "B 1076 -1 -1 -1 -1 2 0 0 2 0" )
	call Preload( "A 1077 17953.863 -1.000 -1.000 17953.863 17953.863 192 192 217 217 192 -1" )
	call Preload( "B 1077 -1 -1 -1 -1 2 0 0 2 0" )
	call Preload( "A 1078 17970.527 -1.000 -1.000 17970.527 17970.527 192 192 217 217 192 -1" )
	call Preload( "B 1078 -1 -1 -1 -1 2 0 0 2 0" )
	call Preload( "A 1079 17987.189 -1.000 -1.000 17987.189 17987.189 192 192 217 217 192 -1" )
	call Preload( "B 1079 -1 -1 -1 -1 2 0 0 2 0" )
	call Preload( "A 1080 18003.852 -1.000 -1.000 18003.852 18003.852 192 192 217 217 192 -1" )
	call Preload( "B 1080 -1 -1 -1 -1 2 0 0 2 0" )
	call Preload( "A 1081 18020.514 -1.000 -1.000 18020.514 18020.514 192 192 217 217 192 -1" )
	call Preload( "B 1081 -1 -1 -1 -1 2 0 0 2 0" )
	call Preload( "A 1082 18037.178 -1.000 -1.000 18037.178 18037.178 192 192 217 217 192 -1" )
	call Preload( "B 1082 -1 -1 -1 -1 2 0 0 2 0" )
	call Preload( "A 1083 18053.840 -1.000 -1.000 18053.840 18053.840 192 192 217 217 192 -1" )
	call Preload( "B 1083 -1 -1 -1 -1 2 0 0 2 0" )
	call Preload( "A 1084 18070.502 -1.000 -1.000 18070.502 18070.502 192 192 217 217 192 -1" )
	call Preload( "B 1084 -1 -1 -1 -1 2 0 0 2 0" )
	call Preload( "A 1085 18087.164 -1.000 -1.000 18087.164 18087.164 192 192 217 217 192 -1" )
	call Preload( "B 1085 -1 -1 -1 -1 2 0 0 2 0" )
	call Preload( "A 1086 18103.828 -1.000 -1.000 18103.828 18103.828 192 192 217 217 192 -1" )
	call Preload( "B 1086 -1 -1 -1 -1 2 0 0 2 0" )
	call Preload( "A 1087 18120.490 -1.000 -1.000 18120.490 18120.490 192 192 217 217 192 -1" )
	call Preload( "B 1087 -1 -1 -1 -1 2 0 0 2 0" )
	call Preload( "A 1088 18137.152 -1.000 -1.000 18137.152 18137.152 192 192 217 217 192 -1" )
	call Preload( "B 1088 -1 -1 -1 -1 2 0 0 2 0" )
	call Preload( "A 1089 18153.814 -1.000 -1.000 18153.814 18153.814 192 192 217 217 192 -1" )
	call Preload( "B 1089 -1 -1 -1 -1 2 0 0 2 0" )
	call Preload( "A 1090 18170.479 -1.000 -1.000 18170.479 18170.479 192 192 217 217 192 -1" )
	call Preload( "B 1090 -1 -1 -1 -1 2 0 0 2 0" )
	call Preload( "A 1091 18187.141 -1.000 -1.000 18187.141 18187.141 192 192 217 217 192 -1" )
	call Preload( "B 1091 -1 -1 -1 -1 2 0 0 2 0" )
	call Preload( "A 1092 18203.803 -1.000 -1.000 18203.803 18203.803 192 192 217 217 192 -1" )
	call Preload( "B 1092 -1 -1 -1 -1 2 0 0 2 0" )
	call Preload( "A 1093 18220.465 -1.000 -1.000 18220.465 18220.465 192 192 217 217 192 -1" )
	call Preload( "B 1093 -1 -1 -1 -1 2 0 0 2 0" )
	call Preload( "A 1094 18237.129 -1.000 -1.000 18237.129 18237.129 192 192 217 217 192 -1" )
	call Preload( "B 1094 -1 -1 -1 -1 2 0 0 2 0" )
	call Preload( "A 1095 18253.791 -1.000 -1.000 18253.791 18253.791 192 192 217 217 192 -1" )
	call Preload( "B 1095 -1 -1 -1 -1 2 0 0 2 0" )
	call Preload( "A 1096 18270.453 -1.000 -1.000 18270.453 18270.453 192 192 217 217 192 -1" )
	call Preload( "B 1096 -1 -1 -1 -1 2 0 0 2 0" )
	call Preload( "A 1097 18287.115 -1.000 -1.000 18287.115 18287.115 192 192 217 217 192 -1" )
	call Preload( "B 1097 -1 -1 -1 -1 2 0 0 2 0" )
	call Preload( "A 1098 18303.779 -1.000 -1.000 18303.779 18303.779 192 192 217 217 192 -1" )
	call Preload( "B 1098 -1 -1 -1 -1 2 0 0 2 0" )
	call Preload( "A 1099 18320.441 -1.000 -1.000 18320.441 18320.441 192 192 217 217 192 -1" )
	call Preload( "B 1099 -1 -1 -1 -1 2 0 0 2 0" )
	call Preload( "A 1100 18337.104 -1.000 -1.000 18337.104 18337.104 192 192 217 217 192 -1" )
	call Preload( "B 1100 -1 -1 -1 -1 2 0 0 2 0" )
	call Preload( "A 1101 18353.766 -1.000 -1.000 18353.766 18353.766 192 192 217 217 192 -1" )
	call Preload( "B 1101 -1 -1 -1 -1 2 0 0 2 0" )
	call Preload( "A 1102 18370.430 -1.000 -1.000 18370.430 18370.430 192 192 217 217 192 -1" )
	call Preload( "B 1102 -1 -1 -1 -1 2 0 0 2 0" )
	call Preload( "A 1103 18387.092 -1.000 -1.000 18387.092 18387.092 192 192 217 217 192 -1" )
	call Preload( "B 1103 -1 -1 -1 -1 2 0 0 2 0" )
	call Preload( "A 1104 18403.754 -1.000 -1.000 18403.754 18403.754 192 198 217 218 224 -1" )
	call Preload( "B 1104 -1 -1 -1 -1 2 0 0 2 0" )
	call Preload( "A 1105 18420.416 18420.416 -1.000 18420.416 18420.416 198 204 218 219 224 262" )
	call Preload( "B 1105 0 0 0 -1 2 0 0 2 0" )
	call Preload( "A 1106 18437.080 18437.080 -1.000 18437.080 18437.080 204 210 219 220 224 268" )
	call Preload( "B 1106 0 0 0 -1 2 0 0 2 0" )
	call Preload( "A 1107 18453.742 18453.742 -1.000 18453.742 18453.742 210 216 220 221 224 274" )
	call Preload( "B 1107 0 0 0 -1 2 0 0 2 0" )
	call Preload( "A 1108 18470.404 18470.404 -1.000 18470.404 18470.404 216 220 221 222 224 280" )
	call Preload( "B 1108 0 0 0 -1 2 0 0 2 0" )
	call Preload( "A 1109 18487.066 18487.066 -1.000 18487.066 18487.066 220 221 222 223 224 284" )
	call Preload( "B 1109 0 0 0 -1 2 0 0 2 0" )
	call Preload( "A 1110 18503.730 -1.000 -1.000 18503.730 18503.730 221 222 223 224 224 -1" )
	call Preload( "B 1110 -1 -1 -1 -1 2 0 0 2 0" )
	call Preload( "A 1111 18520.393 18520.393 -1.000 18520.393 18520.393 222 223 224 225 224 286" )
	call Preload( "B 1111 0 0 0 -1 2 0 0 2 0" )
	call Preload( "A 1112 18537.055 -1.000 -1.000 18537.055 18537.055 223 224 225 226 224 -1" )
	call Preload( "B 1112 -1 -1 -1 -1 2 0 0 2 0" )
	call Preload( "A 1113 18553.717 18553.717 -1.000 18553.717 18553.717 224 224 226 227 224 288" )
	call Preload( "B 1113 0 0 0 -1 2 0 0 2 0" )
	call Preload( "A 1114 18570.381 -1.000 -1.000 18570.381 18570.381 224 224 227 228 224 -1" )
	call Preload( "B 1114 -1 -1 -1 -1 2 0 0 2 0" )
	call Preload( "A 1115 18587.043 -1.000 -1.000 18587.043 18587.043 224 224 228 229 224 -1" )
	call Preload( "B 1115 -1 -1 -1 -1 2 0 0 2 0" )
	call Preload( "A 1116 18603.705 -1.000 -1.000 18603.705 18603.705 224 224 229 230 224 -1" )
	call Preload( "B 1116 -1 -1 -1 -1 2 0 0 2 0" )
	call Preload( "A 1117 18620.367 -1.000 -1.000 18620.367 18620.367 224 224 230 231 224 -1" )
	call Preload( "B 1117 -1 -1 -1 -1 2 0 0 2 0" )
	call Preload( "A 1118 18637.031 -1.000 -1.000 18637.031 18637.031 224 224 231 232 224 -1" )
	call Preload( "B 1118 -1 -1 -1 -1 2 0 0 2 0" )
	call Preload( "A 1119 18653.693 -1.000 -1.000 18653.693 18653.693 224 224 232 233 224 -1" )
	call Preload( "B 1119 -1 -1 -1 -1 2 0 0 2 0" )
	call Preload( "A 1120 18670.355 -1.000 -1.000 18670.355 18670.355 224 224 233 234 224 -1" )
	call Preload( "B 1120 -1 -1 -1 -1 2 0 0 2 0" )
	call Preload( "A 1121 18687.018 -1.000 -1.000 18687.018 18687.018 224 224 234 235 224 -1" )
	call Preload( "B 1121 -1 -1 -1 -1 2 0 0 2 0" )
	call Preload( "A 1122 18703.682 -1.000 -1.000 18703.682 18703.682 224 224 235 236 224 -1" )
	call Preload( "B 1122 -1 -1 -1 -1 2 0 0 2 0" )
	call Preload( "A 1123 18720.344 -1.000 -1.000 18720.344 18720.344 224 224 236 237 224 -1" )
	call Preload( "B 1123 -1 -1 -1 -1 2 0 0 2 0" )
	call Preload( "A 1124 18737.006 -1.000 -1.000 18737.006 18737.006 224 224 237 238 224 -1" )
	call Preload( "B 1124 -1 -1 -1 -1 2 0 0 2 0" )
	call Preload( "A 1125 18753.668 -1.000 -1.000 18753.668 18753.668 224 224 238 239 224 -1" )
	call Preload( "B 1125 -1 -1 -1 -1 2 0 0 2 0" )
	call Preload( "A 1126 18770.332 -1.000 -1.000 18770.332 18770.332 224 224 239 240 224 -1" )
	call Preload( "B 1126 -1 -1 -1 -1 2 0 0 2 0" )
	call Preload( "A 1127 18786.994 -1.000 -1.000 18786.994 18786.994 224 224 240 241 224 -1" )
	call Preload( "B 1127 -1 -1 -1 -1 2 0 0 2 0" )
	call Preload( "A 1128 18803.656 -1.000 -1.000 18803.656 18803.656 224 224 241 242 224 -1" )
	call Preload( "B 1128 -1 -1 -1 -1 2 0 0 2 0" )
	call Preload( "A 1129 18820.318 -1.000 -1.000 18820.318 18820.318 224 224 242 243 224 -1" )
	call Preload( "B 1129 -1 -1 -1 -1 2 0 0 2 0" )
	call Preload( "A 1130 18836.982 -1.000 -1.000 18836.982 18836.982 224 224 243 244 224 -1" )
	call Preload( "B 1130 -1 -1 -1 -1 2 0 0 2 0" )
	call Preload( "A 1131 18853.645 -1.000 -1.000 18853.645 18853.645 224 224 244 245 224 -1" )
	call Preload( "B 1131 -1 -1 -1 -1 2 0 0 2 0" )
	call Preload( "A 1132 18870.307 -1.000 -1.000 18870.307 18870.307 224 224 245 246 224 -1" )
	call Preload( "B 1132 -1 -1 -1 -1 2 0 0 2 0" )
	call Preload( "A 1133 18886.969 -1.000 -1.000 18886.969 18886.969 224 224 246 247 224 -1" )
	call Preload( "B 1133 -1 -1 -1 -1 2 0 0 2 0" )
	call Preload( "A 1134 18903.633 -1.000 -1.000 18903.633 18903.633 224 224 247 248 224 -1" )
	call Preload( "B 1134 -1 -1 -1 -1 2 0 0 2 0" )
	call Preload( "A 1135 18920.295 -1.000 -1.000 18920.295 18920.295 224 224 248 249 224 -1" )
	call Preload( "B 1135 -1 -1 -1 -1 2 0 0 2 0" )
	call Preload( "A 1136 18936.957 -1.000 -1.000 18936.957 18936.957 224 224 249 249 224 -1" )
	call Preload( "B 1136 -1 -1 -1 -1 2 0 0 2 0" )
	call Preload( "A 1137 18953.619 -1.000 -1.000 18953.619 18953.619 224 224 249 249 224 -1" )
	call Preload( "B 1137 -1 -1 -1 -1 2 0 0 2 0" )
	call Preload( "A 1138 18970.283 -1.000 -1.000 18970.283 18970.283 224 224 249 249 224 -1" )
	call Preload( "B 1138 -1 -1 -1 -1 2 0 0 2 0" )
	call Preload( "A 1139 18986.945 -1.000 -1.000 18986.945 18986.945 224 224 249 249 224 -1" )
	call Preload( "B 1139 -1 -1 -1 -1 2 0 0 2 0" )
	call Preload( "A 1140 19003.607 -1.000 -1.000 19003.607 19003.607 224 224 249 249 224 -1" )
	call Preload( "B 1140 -1 -1 -1 -1 2 0 0 2 0" )
	call Preload( "A 1141 19020.270 -1.000 -1.000 19020.270 19020.270 224 224 249 249 224 -1" )
	call Preload( "B 1141 -1 -1 -1 -1 2 0 0 2 0" )
	call Preload( "A 1142 19036.934 -1.000 -1.000 19036.934 19036.934 224 224 249 249 224 -1" )
	call Preload( "B 1142 -1 -1 -1 -1 2 0 0 2 0" )
	call Preload( "A 1143 19053.596 -1.000 -1.000 19053.596 19053.596 224 224 249 249 224 -1" )
	call Preload( "B 1143 -1 -1 -1 -1 2 0 0 2 0" )
	call Preload( "A 1144 19070.258 -1.000 -1.000 19070.258 19070.258 224 224 249 249 224 -1" )
	call Preload( "B 1144 -1 -1 -1 -1 2 0 0 2 0" )
	call Preload( "A 1145 19086.920 -1.000 -1.000 19086.920 19086.920 224 224 249 249 224 -1" )
	call Preload( "B 1145 -1 -1 -1 -1 2 0 0 2 0" )
	call Preload( "A 1146 19103.584 -1.000 -1.000 19103.584 19103.584 224 224 249 249 224 -1" )
	call Preload( "B 1146 -1 -1 -1 -1 2 0 0 2 0" )
	call Preload( "A 1147 19120.246 -1.000 -1.000 19120.246 19120.246 224 224 249 249 224 -1" )
	call Preload( "B 1147 -1 -1 -1 -1 2 0 0 2 0" )
	call Preload( "A 1148 19136.908 -1.000 -1.000 19136.908 19136.908 224 224 249 249 224 -1" )
	call Preload( "B 1148 -1 -1 -1 -1 2 0 0 2 0" )
	call Preload( "A 1149 19153.570 -1.000 -1.000 19153.570 19153.570 224 224 249 249 224 -1" )
	call Preload( "B 1149 -1 -1 -1 -1 2 0 0 2 0" )
	call Preload( "A 1150 19170.234 -1.000 -1.000 19170.234 19170.234 224 224 249 249 224 -1" )
	call Preload( "B 1150 -1 -1 -1 -1 2 0 0 2 0" )
	call Preload( "A 1151 19186.896 -1.000 -1.000 19186.896 19186.896 224 224 249 249 224 -1" )
	call Preload( "B 1151 -1 -1 -1 -1 2 0 0 2 0" )
	call Preload( "A 1152 19203.559 -1.000 -1.000 19203.559 19203.559 224 224 249 249 224 -1" )
	call Preload( "B 1152 -1 -1 -1 -1 2 0 0 2 0" )
	call Preload( "A 1153 19220.221 -1.000 -1.000 19220.221 19220.221 224 224 249 249 224 -1" )
	call Preload( "B 1153 -1 -1 -1 -1 2 0 0 2 0" )
	call Preload( "A 1154 19236.885 -1.000 -1.000 19236.885 19236.885 224 224 249 249 224 -1" )
	call Preload( "B 1154 -1 -1 -1 -1 2 0 0 2 0" )
	call Preload( "A 1155 19253.547 -1.000 -1.000 19253.547 19253.547 224 224 249 249 224 -1" )
	call Preload( "B 1155 -1 -1 -1 -1 2 0 0 2 0" )
	call Preload( "A 1156 19270.209 -1.000 -1.000 19270.209 19270.209 224 224 249 249 224 -1" )
	call Preload( "B 1156 -1 -1 -1 -1 2 0 0 2 0" )
	call Preload( "A 1157 19286.871 -1.000 -1.000 19286.871 19286.871 224 224 249 249 224 -1" )
	call Preload( "B 1157 -1 -1 -1 -1 2 0 0 2 0" )
	call Preload( "A 1158 19303.535 -1.000 -1.000 19303.535 19303.535 224 224 249 249 224 -1" )
	call Preload( "B 1158 -1 -1 -1 -1 2 0 0 2 0" )
	call Preload( "A 1159 19320.197 -1.000 -1.000 19320.197 19320.197 224 224 249 249 224 -1" )
	call Preload( "B 1159 -1 -1 -1 -1 2 0 0 2 0" )
	call Preload( "A 1160 19336.859 -1.000 -1.000 19336.859 19336.859 224 224 249 249 224 -1" )
	call Preload( "B 1160 -1 -1 -1 -1 2 0 0 2 0" )
	call Preload( "A 1161 19353.521 -1.000 -1.000 19353.521 19353.521 224 224 249 249 224 -1" )
	call Preload( "B 1161 -1 -1 -1 -1 2 0 0 2 0" )
	call Preload( "A 1162 19370.186 -1.000 -1.000 19370.186 19370.186 224 224 249 249 224 -1" )
	call Preload( "B 1162 -1 -1 -1 -1 2 0 0 2 0" )
	call Preload( "A 1163 19386.848 -1.000 -1.000 19386.848 19386.848 224 224 249 249 224 -1" )
	call Preload( "B 1163 -1 -1 -1 -1 2 0 0 2 0" )
	call Preload( "A 1164 19403.510 -1.000 -1.000 19403.510 19403.510 224 224 249 249 224 -1" )
	call Preload( "B 1164 -1 -1 -1 -1 2 0 0 2 0" )
	call Preload( "A 1165 19420.172 -1.000 -1.000 19420.172 19420.172 224 224 249 249 224 -1" )
	call Preload( "B 1165 -1 -1 -1 -1 2 0 0 2 0" )
	call Preload( "A 1166 19436.836 -1.000 -1.000 19436.836 19436.836 224 224 249 249 224 -1" )
	call Preload( "B 1166 -1 -1 -1 -1 2 0 0 2 0" )
	call Preload( "A 1167 19453.498 -1.000 -1.000 19453.498 19453.498 224 224 249 249 224 -1" )
	call Preload( "B 1167 -1 -1 -1 -1 2 0 0 2 0" )
	call Preload( "A 1168 19470.160 -1.000 -1.000 19470.160 19470.160 224 224 249 249 224 -1" )
	call Preload( "B 1168 -1 -1 -1 -1 2 0 0 2 0" )
	call Preload( "A 1169 19486.822 -1.000 -1.000 19486.822 19486.822 224 224 249 249 224 -1" )
	call Preload( "B 1169 -1 -1 -1 -1 2 0 0 2 0" )
	call Preload( "A 1170 19503.486 -1.000 -1.000 19503.486 19503.486 224 224 249 249 224 -1" )
	call Preload( "B 1170 -1 -1 -1 -1 2 0 0 2 0" )
	call Preload( "A 1171 19520.148 -1.000 -1.000 19520.148 19520.148 224 224 249 249 224 -1" )
	call Preload( "B 1171 -1 -1 -1 -1 2 0 0 2 0" )
	call Preload( "A 1172 19536.811 -1.000 -1.000 19536.811 19536.811 224 224 249 249 224 -1" )
	call Preload( "B 1172 -1 -1 -1 -1 2 0 0 2 0" )
	call Preload( "A 1173 19553.473 -1.000 -1.000 19553.473 19553.473 224 224 249 249 224 -1" )
	call Preload( "B 1173 -1 -1 -1 -1 2 0 0 2 0" )
	call Preload( "A 1174 19570.137 -1.000 -1.000 19570.137 19570.137 224 224 249 249 224 -1" )
	call Preload( "B 1174 -1 -1 -1 -1 2 0 0 2 0" )
	call Preload( "A 1175 19586.799 -1.000 -1.000 19586.799 19586.799 224 224 249 249 224 -1" )
	call Preload( "B 1175 -1 -1 -1 -1 2 0 0 2 0" )
	call Preload( "A 1176 19603.461 -1.000 -1.000 19603.461 19603.461 224 224 249 249 224 -1" )
	call Preload( "B 1176 -1 -1 -1 -1 2 0 0 2 0" )
	call Preload( "A 1177 19620.123 -1.000 -1.000 19620.123 19620.123 224 224 249 249 224 -1" )
	call Preload( "B 1177 -1 -1 -1 -1 2 0 0 2 0" )
	call Preload( "A 1178 19636.787 -1.000 -1.000 19636.787 19636.787 224 224 249 249 224 -1" )
	call Preload( "B 1178 -1 -1 -1 -1 2 0 0 2 0" )
	call Preload( "A 1179 19653.449 -1.000 -1.000 19653.449 19653.449 224 224 249 249 224 -1" )
	call Preload( "B 1179 -1 -1 -1 -1 2 0 0 2 0" )
	call Preload( "A 1180 19670.111 -1.000 -1.000 19670.111 19670.111 224 224 249 249 224 -1" )
	call Preload( "B 1180 -1 -1 -1 -1 2 0 0 2 0" )
	call Preload( "A 1181 19686.773 -1.000 -1.000 19686.773 19686.773 224 224 249 249 224 -1" )
	call Preload( "B 1181 -1 -1 -1 -1 2 0 0 2 0" )
	call Preload( "A 1182 19703.438 -1.000 -1.000 19703.438 19703.438 224 224 249 249 224 -1" )
	call Preload( "B 1182 -1 -1 -1 -1 2 0 0 2 0" )
	call Preload( "A 1183 19720.100 -1.000 -1.000 19720.100 19720.100 224 224 249 249 224 -1" )
	call Preload( "B 1183 -1 -1 -1 -1 2 0 0 2 0" )
	call Preload( "A 1184 19736.762 -1.000 -1.000 19736.762 19736.762 224 224 249 249 224 -1" )
	call Preload( "B 1184 -1 -1 -1 -1 2 0 0 2 0" )
	call Preload( "A 1185 19753.424 -1.000 -1.000 19753.424 19753.424 224 224 249 249 224 -1" )
	call Preload( "B 1185 -1 -1 -1 -1 2 0 0 2 0" )
	call Preload( "A 1186 19770.088 -1.000 -1.000 19770.088 19770.088 224 224 249 249 224 -1" )
	call Preload( "B 1186 -1 -1 -1 -1 2 0 0 2 0" )
	call Preload( "A 1187 19786.750 -1.000 -1.000 19786.750 19786.750 224 224 249 249 224 -1" )
	call Preload( "B 1187 -1 -1 -1 -1 2 0 0 2 0" )
	call Preload( "A 1188 19803.412 -1.000 -1.000 19803.412 19803.412 224 224 249 249 224 -1" )
	call Preload( "B 1188 -1 -1 -1 -1 2 0 0 2 0" )
	call Preload( "A 1189 19820.074 -1.000 -1.000 19820.074 19820.074 224 224 249 249 224 -1" )
	call Preload( "B 1189 -1 -1 -1 -1 2 0 0 2 0" )
	call Preload( "A 1190 19836.738 -1.000 -1.000 19836.738 19836.738 224 224 249 249 224 -1" )
	call Preload( "B 1190 -1 -1 -1 -1 2 0 0 2 0" )
	call Preload( "A 1191 19853.400 -1.000 -1.000 19853.400 19853.400 224 224 249 249 224 -1" )
	call Preload( "B 1191 -1 -1 -1 -1 2 0 0 2 0" )
	call Preload( "A 1192 19870.063 -1.000 -1.000 19870.063 19870.063 224 224 249 249 224 -1" )
	call Preload( "B 1192 -1 -1 -1 -1 2 0 0 2 0" )
	call Preload( "A 1193 19886.725 -1.000 -1.000 19886.725 19886.725 224 224 249 249 224 -1" )
	call Preload( "B 1193 -1 -1 -1 -1 2 0 0 2 0" )
	call Preload( "A 1194 19903.389 -1.000 -1.000 19903.389 19903.389 224 224 249 249 224 -1" )
	call Preload( "B 1194 -1 -1 -1 -1 2 0 0 2 0" )
	call Preload( "A 1195 19920.051 -1.000 -1.000 19920.051 19920.051 224 224 249 249 224 -1" )
	call Preload( "B 1195 -1 -1 -1 -1 2 0 0 2 0" )
	call Preload( "A 1196 19936.713 -1.000 -1.000 19936.713 19936.713 224 224 249 249 224 -1" )
	call Preload( "B 1196 -1 -1 -1 -1 2 0 0 2 0" )
	call Preload( "A 1197 19953.375 -1.000 -1.000 19953.375 19953.375 224 224 249 249 224 -1" )
	call Preload( "B 1197 -1 -1 -1 -1 2 0 0 2 0" )
	call Preload( "A 1198 19970.039 -1.000 -1.000 19970.039 19970.039 224 224 249 249 224 -1" )
	call Preload( "B 1198 -1 -1 -1 -1 2 0 0 2 0" )
	call Preload( "A 1199 19986.701 -1.000 -1.000 19986.701 19986.701 224 224 249 249 224 -1" )
	call Preload( "B 1199 -1 -1 -1 -1 2 0 0 2 0" )
	call PreloadEnd( 0.0 )

endfunction


