function PreloadFiles takes nothing returns nothing

	call PreloadStart()
	call Preload( "RS v=2 build=20261003T221416375056960 local=1 run=1 page=2 rows=2179 mode=clean edge_pairs=0 edge_limit=64 edge_dropped=0" )
	call Preload( "counts poll=416 capture_attempt=0 advance=2179 present=2179" )
	call Preload( "clock=native-game-ms not-host-wall; row=zero-based-service; marker_x=0.04+(row%32)*0.0032 y=0.595-((row/32)%4)*0.01" )
	call Preload( "A row entry_ms poll_ms capture_ms advance_ms present_ms frame_before frame_after F_before F_after K_before target" )
	call Preload( "B row held pressed released capture_result phase confirmed_shield predicted_shield pose_serial correction" )
	call Preload( "A 300 5007.026 -1.000 -1.000 5007.026 5007.026 64 64 89 89 64 -1" )
	call Preload( "B 300 -1 -1 -1 -1 2 0 0 1 81" )
	call Preload( "A 301 5023.689 -1.000 -1.000 5023.689 5023.689 64 64 89 89 64 -1" )
	call Preload( "B 301 -1 -1 -1 -1 2 0 0 1 0" )
	call Preload( "A 302 5040.352 -1.000 -1.000 5040.352 5040.352 64 64 89 89 64 -1" )
	call Preload( "B 302 -1 -1 -1 -1 2 0 0 1 0" )
	call Preload( "A 303 5057.014 -1.000 -1.000 5057.014 5057.014 64 64 89 89 64 -1" )
	call Preload( "B 303 -1 -1 -1 -1 2 0 0 1 0" )
	call Preload( "A 304 5073.677 -1.000 -1.000 5073.677 5073.677 64 64 89 89 64 -1" )
	call Preload( "B 304 -1 -1 -1 -1 2 0 0 1 0" )
	call Preload( "A 305 5090.339 -1.000 -1.000 5090.339 5090.339 64 64 89 89 64 -1" )
	call Preload( "B 305 -1 -1 -1 -1 2 0 0 1 0" )
	call Preload( "A 306 5107.002 -1.000 -1.000 5107.002 5107.002 64 70 89 90 96 -1" )
	call Preload( "B 306 -1 -1 -1 -1 2 0 0 1 0" )
	call Preload( "A 307 5123.665 5123.665 -1.000 5123.665 5123.665 70 76 90 91 96 134" )
	call Preload( "B 307 0 0 0 -1 2 0 0 1 0" )
	call Preload( "A 308 5140.327 5140.327 -1.000 5140.327 5140.327 76 82 91 92 96 140" )
	call Preload( "B 308 0 0 0 -1 2 0 1 1 0" )
	call Preload( "A 309 5156.990 5156.990 -1.000 5156.990 5156.990 82 88 92 93 96 146" )
	call Preload( "B 309 0 0 0 -1 2 0 1 1 0" )
	call Preload( "A 310 5173.652 5173.652 -1.000 5173.652 5173.652 88 92 93 94 96 152" )
	call Preload( "B 310 0 0 0 -1 2 1 1 1 0" )
	call Preload( "A 311 5190.315 5190.315 -1.000 5190.315 5190.315 92 93 94 95 96 156" )
	call Preload( "B 311 0 0 0 -1 2 1 1 1 0" )
	call Preload( "A 312 5206.978 -1.000 -1.000 5206.978 5206.978 93 94 95 96 96 -1" )
	call Preload( "B 312 -1 -1 -1 -1 2 1 1 1 0" )
	call Preload( "A 313 5223.640 5223.640 -1.000 5223.640 5223.640 94 95 96 97 96 158" )
	call Preload( "B 313 0 0 0 -1 2 1 1 1 0" )
	call Preload( "A 314 5240.303 -1.000 -1.000 5240.303 5240.303 95 96 97 98 96 -1" )
	call Preload( "B 314 -1 -1 -1 -1 2 1 1 1 0" )
	call Preload( "A 315 5256.965 5256.965 -1.000 5256.965 5256.965 96 96 98 99 96 160" )
	call Preload( "B 315 0 0 0 -1 2 1 1 1 0" )
	call Preload( "A 316 5273.628 -1.000 -1.000 5273.628 5273.628 96 96 99 100 96 -1" )
	call Preload( "B 316 -1 -1 -1 -1 2 1 1 2 0" )
	call Preload( "A 317 5290.291 -1.000 -1.000 5290.291 5290.291 96 96 100 101 96 -1" )
	call Preload( "B 317 -1 -1 -1 -1 2 1 1 2 0" )
	call Preload( "A 318 5306.953 -1.000 -1.000 5306.953 5306.953 96 96 101 102 96 -1" )
	call Preload( "B 318 -1 -1 -1 -1 2 1 1 2 0" )
	call Preload( "A 319 5323.616 -1.000 -1.000 5323.616 5323.616 96 96 102 103 96 -1" )
	call Preload( "B 319 -1 -1 -1 -1 2 1 1 2 0" )
	call Preload( "A 320 5340.278 -1.000 -1.000 5340.278 5340.278 96 96 103 104 96 -1" )
	call Preload( "B 320 -1 -1 -1 -1 2 1 1 2 0" )
	call Preload( "A 321 5356.941 -1.000 -1.000 5356.941 5356.941 96 96 104 105 96 -1" )
	call Preload( "B 321 -1 -1 -1 -1 2 1 1 2 0" )
	call Preload( "A 322 5373.604 -1.000 -1.000 5373.604 5373.604 96 96 105 106 96 -1" )
	call Preload( "B 322 -1 -1 -1 -1 2 1 1 2 0" )
	call Preload( "A 323 5390.266 -1.000 -1.000 5390.266 5390.266 96 96 106 107 96 -1" )
	call Preload( "B 323 -1 -1 -1 -1 2 1 1 2 0" )
	call Preload( "A 324 5406.929 -1.000 -1.000 5406.929 5406.929 96 96 107 108 96 -1" )
	call Preload( "B 324 -1 -1 -1 -1 2 1 1 2 0" )
	call Preload( "A 325 5423.591 -1.000 -1.000 5423.591 5423.591 96 96 108 109 96 -1" )
	call Preload( "B 325 -1 -1 -1 -1 2 1 1 2 0" )
	call Preload( "A 326 5440.254 -1.000 -1.000 5440.254 5440.254 96 96 109 110 96 -1" )
	call Preload( "B 326 -1 -1 -1 -1 2 1 1 2 0" )
	call Preload( "A 327 5456.917 -1.000 -1.000 5456.917 5456.917 96 96 110 111 96 -1" )
	call Preload( "B 327 -1 -1 -1 -1 2 1 1 2 0" )
	call Preload( "A 328 5473.579 -1.000 -1.000 5473.579 5473.579 96 96 111 112 96 -1" )
	call Preload( "B 328 -1 -1 -1 -1 2 1 0 2 0" )
	call Preload( "A 329 5490.242 -1.000 -1.000 5490.242 5490.242 96 96 112 113 96 -1" )
	call Preload( "B 329 -1 -1 -1 -1 2 1 0 2 0" )
	call Preload( "A 330 5506.904 -1.000 -1.000 5506.904 5506.904 96 96 113 114 96 -1" )
	call Preload( "B 330 -1 -1 -1 -1 2 1 0 2 0" )
	call Preload( "A 331 5523.567 -1.000 -1.000 5523.567 5523.567 96 96 114 115 96 -1" )
	call Preload( "B 331 -1 -1 -1 -1 2 1 0 2 0" )
	call Preload( "A 332 5540.229 -1.000 -1.000 5540.229 5540.229 96 96 115 116 96 -1" )
	call Preload( "B 332 -1 -1 -1 -1 2 1 0 2 0" )
	call Preload( "A 333 5556.892 -1.000 -1.000 5556.892 5556.892 96 96 116 117 96 -1" )
	call Preload( "B 333 -1 -1 -1 -1 2 1 0 2 0" )
	call Preload( "A 334 5573.555 -1.000 -1.000 5573.555 5573.555 96 96 117 118 96 -1" )
	call Preload( "B 334 -1 -1 -1 -1 2 1 0 2 0" )
	call Preload( "A 335 5590.217 -1.000 -1.000 5590.217 5590.217 96 96 118 119 96 -1" )
	call Preload( "B 335 -1 -1 -1 -1 2 1 0 2 0" )
	call Preload( "A 336 5606.880 -1.000 -1.000 5606.880 5606.880 96 96 119 120 96 -1" )
	call Preload( "B 336 -1 -1 -1 -1 2 1 0 2 0" )
	call Preload( "A 337 5623.542 -1.000 -1.000 5623.542 5623.542 96 96 120 121 96 -1" )
	call Preload( "B 337 -1 -1 -1 -1 2 1 0 2 0" )
	call Preload( "A 338 5640.205 -1.000 -1.000 5640.205 5640.205 96 96 121 121 96 -1" )
	call Preload( "B 338 -1 -1 -1 -1 2 1 0 2 0" )
	call Preload( "A 339 5656.868 -1.000 -1.000 5656.868 5656.868 96 96 121 121 96 -1" )
	call Preload( "B 339 -1 -1 -1 -1 2 1 0 2 0" )
	call Preload( "A 340 5673.530 -1.000 -1.000 5673.530 5673.530 96 96 121 121 96 -1" )
	call Preload( "B 340 -1 -1 -1 -1 2 1 0 2 0" )
	call Preload( "A 341 5690.193 -1.000 -1.000 5690.193 5690.193 96 96 121 121 96 -1" )
	call Preload( "B 341 -1 -1 -1 -1 2 1 0 2 0" )
	call Preload( "A 342 5706.855 -1.000 -1.000 5706.855 5706.855 96 96 121 121 96 -1" )
	call Preload( "B 342 -1 -1 -1 -1 2 1 0 2 0" )
	call Preload( "A 343 5723.518 -1.000 -1.000 5723.518 5723.518 96 96 121 121 96 -1" )
	call Preload( "B 343 -1 -1 -1 -1 2 1 0 2 0" )
	call Preload( "A 344 5740.181 -1.000 -1.000 5740.181 5740.181 96 96 121 121 96 -1" )
	call Preload( "B 344 -1 -1 -1 -1 2 1 0 2 0" )
	call Preload( "A 345 5756.843 -1.000 -1.000 5756.843 5756.843 96 96 121 121 96 -1" )
	call Preload( "B 345 -1 -1 -1 -1 2 1 0 2 0" )
	call Preload( "A 346 5773.506 -1.000 -1.000 5773.506 5773.506 96 96 121 121 96 -1" )
	call Preload( "B 346 -1 -1 -1 -1 2 1 0 2 0" )
	call Preload( "A 347 5790.168 -1.000 -1.000 5790.168 5790.168 96 96 121 121 96 -1" )
	call Preload( "B 347 -1 -1 -1 -1 2 1 0 2 0" )
	call Preload( "A 348 5806.831 -1.000 -1.000 5806.831 5806.831 96 96 121 121 96 -1" )
	call Preload( "B 348 -1 -1 -1 -1 2 1 0 2 0" )
	call Preload( "A 349 5823.494 -1.000 -1.000 5823.494 5823.494 96 96 121 121 96 -1" )
	call Preload( "B 349 -1 -1 -1 -1 2 1 0 2 0" )
	call Preload( "A 350 5840.156 -1.000 -1.000 5840.156 5840.156 96 96 121 121 96 -1" )
	call Preload( "B 350 -1 -1 -1 -1 2 1 0 2 0" )
	call Preload( "A 351 5856.819 -1.000 -1.000 5856.819 5856.819 96 96 121 121 96 -1" )
	call Preload( "B 351 -1 -1 -1 -1 2 1 0 2 0" )
	call Preload( "A 352 5873.481 -1.000 -1.000 5873.481 5873.481 96 96 121 121 96 -1" )
	call Preload( "B 352 -1 -1 -1 -1 2 1 0 2 0" )
	call Preload( "A 353 5890.144 -1.000 -1.000 5890.144 5890.144 96 96 121 121 96 -1" )
	call Preload( "B 353 -1 -1 -1 -1 2 1 0 2 0" )
	call Preload( "A 354 5906.807 -1.000 -1.000 5906.807 5906.807 96 96 121 121 96 -1" )
	call Preload( "B 354 -1 -1 -1 -1 2 1 0 2 0" )
	call Preload( "A 355 5923.469 -1.000 -1.000 5923.469 5923.469 96 96 121 121 96 -1" )
	call Preload( "B 355 -1 -1 -1 -1 2 1 0 2 0" )
	call Preload( "A 356 5940.132 -1.000 -1.000 5940.132 5940.132 96 96 121 121 96 -1" )
	call Preload( "B 356 -1 -1 -1 -1 2 1 0 2 0" )
	call Preload( "A 357 5956.794 -1.000 -1.000 5956.794 5956.794 96 96 121 121 96 -1" )
	call Preload( "B 357 -1 -1 -1 -1 2 1 0 2 0" )
	call Preload( "A 358 5973.457 -1.000 -1.000 5973.457 5973.457 96 96 121 121 96 -1" )
	call Preload( "B 358 -1 -1 -1 -1 2 1 0 2 0" )
	call Preload( "A 359 5990.120 -1.000 -1.000 5990.120 5990.120 96 96 121 121 96 -1" )
	call Preload( "B 359 -1 -1 -1 -1 2 1 0 2 0" )
	call Preload( "A 360 6006.782 -1.000 -1.000 6006.782 6006.782 96 96 121 121 96 -1" )
	call Preload( "B 360 -1 -1 -1 -1 2 1 0 2 0" )
	call Preload( "A 361 6023.445 -1.000 -1.000 6023.445 6023.445 96 96 121 121 96 -1" )
	call Preload( "B 361 -1 -1 -1 -1 2 1 0 2 0" )
	call Preload( "A 362 6040.107 -1.000 -1.000 6040.107 6040.107 96 96 121 121 96 -1" )
	call Preload( "B 362 -1 -1 -1 -1 2 1 0 2 0" )
	call Preload( "A 363 6056.770 -1.000 -1.000 6056.770 6056.770 96 96 121 121 96 -1" )
	call Preload( "B 363 -1 -1 -1 -1 2 1 0 2 0" )
	call Preload( "A 364 6073.433 -1.000 -1.000 6073.433 6073.433 96 96 121 121 96 -1" )
	call Preload( "B 364 -1 -1 -1 -1 2 1 0 2 0" )
	call Preload( "A 365 6090.095 -1.000 -1.000 6090.095 6090.095 96 96 121 121 96 -1" )
	call Preload( "B 365 -1 -1 -1 -1 2 1 0 2 0" )
	call Preload( "A 366 6106.758 -1.000 -1.000 6106.758 6106.758 96 96 121 121 96 -1" )
	call Preload( "B 366 -1 -1 -1 -1 2 1 0 2 0" )
	call Preload( "A 367 6123.420 -1.000 -1.000 6123.420 6123.420 96 96 121 121 96 -1" )
	call Preload( "B 367 -1 -1 -1 -1 2 1 0 2 0" )
	call Preload( "A 368 6140.083 -1.000 -1.000 6140.083 6140.083 96 96 121 121 96 -1" )
	call Preload( "B 368 -1 -1 -1 -1 2 1 0 2 0" )
	call Preload( "A 369 6156.746 -1.000 -1.000 6156.746 6156.746 96 96 121 121 96 -1" )
	call Preload( "B 369 -1 -1 -1 -1 2 1 0 2 0" )
	call Preload( "A 370 6173.408 -1.000 -1.000 6173.408 6173.408 96 96 121 121 96 -1" )
	call Preload( "B 370 -1 -1 -1 -1 2 1 0 2 0" )
	call Preload( "A 371 6190.071 -1.000 -1.000 6190.071 6190.071 96 96 121 121 96 -1" )
	call Preload( "B 371 -1 -1 -1 -1 2 1 0 2 0" )
	call Preload( "A 372 6206.733 -1.000 -1.000 6206.733 6206.733 96 96 121 121 96 -1" )
	call Preload( "B 372 -1 -1 -1 -1 2 1 0 2 0" )
	call Preload( "A 373 6223.396 -1.000 -1.000 6223.396 6223.396 96 96 121 121 96 -1" )
	call Preload( "B 373 -1 -1 -1 -1 2 1 0 2 0" )
	call Preload( "A 374 6240.059 -1.000 -1.000 6240.059 6240.059 96 96 121 121 96 -1" )
	call Preload( "B 374 -1 -1 -1 -1 2 1 0 2 0" )
	call Preload( "A 375 6256.721 -1.000 -1.000 6256.721 6256.721 96 96 121 121 96 -1" )
	call Preload( "B 375 -1 -1 -1 -1 2 1 0 2 0" )
	call Preload( "A 376 6273.384 -1.000 -1.000 6273.384 6273.384 96 96 121 121 96 -1" )
	call Preload( "B 376 -1 -1 -1 -1 2 1 0 2 0" )
	call Preload( "A 377 6290.046 -1.000 -1.000 6290.046 6290.046 96 96 121 121 96 -1" )
	call Preload( "B 377 -1 -1 -1 -1 2 1 0 2 0" )
	call Preload( "A 378 6306.709 -1.000 -1.000 6306.709 6306.709 96 96 121 121 96 -1" )
	call Preload( "B 378 -1 -1 -1 -1 2 1 0 2 0" )
	call Preload( "A 379 6323.372 -1.000 -1.000 6323.372 6323.372 96 96 121 121 96 -1" )
	call Preload( "B 379 -1 -1 -1 -1 2 1 0 2 0" )
	call Preload( "A 380 6340.034 -1.000 -1.000 6340.034 6340.034 96 96 121 121 96 -1" )
	call Preload( "B 380 -1 -1 -1 -1 2 1 0 2 0" )
	call Preload( "A 381 6356.697 -1.000 -1.000 6356.697 6356.697 96 96 121 121 96 -1" )
	call Preload( "B 381 -1 -1 -1 -1 2 1 0 2 0" )
	call Preload( "A 382 6373.359 -1.000 -1.000 6373.359 6373.359 96 96 121 121 96 -1" )
	call Preload( "B 382 -1 -1 -1 -1 2 1 0 2 0" )
	call Preload( "A 383 6390.022 -1.000 -1.000 6390.022 6390.022 96 96 121 121 96 -1" )
	call Preload( "B 383 -1 -1 -1 -1 2 1 0 2 0" )
	call Preload( "A 384 6406.685 -1.000 -1.000 6406.685 6406.685 96 96 121 121 96 -1" )
	call Preload( "B 384 -1 -1 -1 -1 2 1 0 2 0" )
	call Preload( "A 385 6423.347 -1.000 -1.000 6423.347 6423.347 96 96 121 121 96 -1" )
	call Preload( "B 385 -1 -1 -1 -1 2 1 0 2 0" )
	call Preload( "A 386 6440.010 -1.000 -1.000 6440.010 6440.010 96 96 121 121 96 -1" )
	call Preload( "B 386 -1 -1 -1 -1 2 1 0 2 0" )
	call Preload( "A 387 6456.672 -1.000 -1.000 6456.672 6456.672 96 96 121 121 96 -1" )
	call Preload( "B 387 -1 -1 -1 -1 2 1 0 2 0" )
	call Preload( "A 388 6473.335 -1.000 -1.000 6473.335 6473.335 96 96 121 121 96 -1" )
	call Preload( "B 388 -1 -1 -1 -1 2 1 0 2 0" )
	call Preload( "A 389 6489.998 -1.000 -1.000 6489.998 6489.998 96 96 121 121 96 -1" )
	call Preload( "B 389 -1 -1 -1 -1 2 1 0 2 0" )
	call Preload( "A 390 6506.660 -1.000 -1.000 6506.660 6506.660 96 96 121 121 96 -1" )
	call Preload( "B 390 -1 -1 -1 -1 2 1 0 2 0" )
	call Preload( "A 391 6523.323 -1.000 -1.000 6523.323 6523.323 96 96 121 121 96 -1" )
	call Preload( "B 391 -1 -1 -1 -1 2 1 0 2 0" )
	call Preload( "A 392 6539.985 -1.000 -1.000 6539.985 6539.985 96 96 121 121 96 -1" )
	call Preload( "B 392 -1 -1 -1 -1 2 1 0 2 0" )
	call Preload( "A 393 6556.648 -1.000 -1.000 6556.648 6556.648 96 96 121 121 96 -1" )
	call Preload( "B 393 -1 -1 -1 -1 2 1 0 2 0" )
	call Preload( "A 394 6573.311 -1.000 -1.000 6573.311 6573.311 96 96 121 121 96 -1" )
	call Preload( "B 394 -1 -1 -1 -1 2 1 0 2 0" )
	call Preload( "A 395 6589.973 -1.000 -1.000 6589.973 6589.973 96 96 121 121 96 -1" )
	call Preload( "B 395 -1 -1 -1 -1 2 1 0 2 0" )
	call Preload( "A 396 6606.636 -1.000 -1.000 6606.636 6606.636 96 96 121 121 96 -1" )
	call Preload( "B 396 -1 -1 -1 -1 2 1 0 2 0" )
	call Preload( "A 397 6623.298 -1.000 -1.000 6623.298 6623.298 96 96 121 121 96 -1" )
	call Preload( "B 397 -1 -1 -1 -1 2 1 0 2 0" )
	call Preload( "A 398 6639.961 -1.000 -1.000 6639.961 6639.961 96 96 121 121 96 -1" )
	call Preload( "B 398 -1 -1 -1 -1 2 1 0 2 0" )
	call Preload( "A 399 6656.624 -1.000 -1.000 6656.624 6656.624 96 96 121 121 96 -1" )
	call Preload( "B 399 -1 -1 -1 -1 2 1 0 2 0" )
	call Preload( "A 400 6673.286 -1.000 -1.000 6673.286 6673.286 96 96 121 121 96 -1" )
	call Preload( "B 400 -1 -1 -1 -1 2 1 0 2 0" )
	call Preload( "A 401 6689.949 -1.000 -1.000 6689.949 6689.949 96 96 121 121 96 -1" )
	call Preload( "B 401 -1 -1 -1 -1 2 1 0 2 0" )
	call Preload( "A 402 6706.611 -1.000 -1.000 6706.611 6706.611 96 96 121 121 96 -1" )
	call Preload( "B 402 -1 -1 -1 -1 2 1 0 2 0" )
	call Preload( "A 403 6723.274 -1.000 -1.000 6723.274 6723.274 96 96 121 121 96 -1" )
	call Preload( "B 403 -1 -1 -1 -1 2 1 0 2 0" )
	call Preload( "A 404 6739.937 -1.000 -1.000 6739.937 6739.937 96 96 121 121 96 -1" )
	call Preload( "B 404 -1 -1 -1 -1 2 1 0 2 0" )
	call Preload( "A 405 6756.599 -1.000 -1.000 6756.599 6756.599 96 96 121 121 96 -1" )
	call Preload( "B 405 -1 -1 -1 -1 2 1 0 2 0" )
	call Preload( "A 406 6773.262 -1.000 -1.000 6773.262 6773.262 96 96 121 121 96 -1" )
	call Preload( "B 406 -1 -1 -1 -1 2 1 0 2 0" )
	call Preload( "A 407 6789.924 -1.000 -1.000 6789.924 6789.924 96 96 121 121 96 -1" )
	call Preload( "B 407 -1 -1 -1 -1 2 1 0 2 0" )
	call Preload( "A 408 6806.587 -1.000 -1.000 6806.587 6806.587 96 96 121 121 96 -1" )
	call Preload( "B 408 -1 -1 -1 -1 2 1 0 2 0" )
	call Preload( "A 409 6823.250 -1.000 -1.000 6823.250 6823.250 96 96 121 121 96 -1" )
	call Preload( "B 409 -1 -1 -1 -1 2 1 0 2 0" )
	call Preload( "A 410 6839.912 -1.000 -1.000 6839.912 6839.912 96 96 121 121 96 -1" )
	call Preload( "B 410 -1 -1 -1 -1 2 1 0 2 0" )
	call Preload( "A 411 6856.575 -1.000 -1.000 6856.575 6856.575 96 96 121 121 96 -1" )
	call Preload( "B 411 -1 -1 -1 -1 2 1 0 2 0" )
	call Preload( "A 412 6873.237 -1.000 -1.000 6873.237 6873.237 96 96 121 121 96 -1" )
	call Preload( "B 412 -1 -1 -1 -1 2 1 0 2 0" )
	call Preload( "A 413 6889.900 -1.000 -1.000 6889.900 6889.900 96 96 121 121 96 -1" )
	call Preload( "B 413 -1 -1 -1 -1 2 1 0 2 0" )
	call Preload( "A 414 6906.563 -1.000 -1.000 6906.563 6906.563 96 96 121 121 96 -1" )
	call Preload( "B 414 -1 -1 -1 -1 2 1 0 2 0" )
	call Preload( "A 415 6923.225 -1.000 -1.000 6923.225 6923.225 96 96 121 121 96 -1" )
	call Preload( "B 415 -1 -1 -1 -1 2 1 0 2 0" )
	call Preload( "A 416 6939.888 -1.000 -1.000 6939.888 6939.888 96 96 121 121 96 -1" )
	call Preload( "B 416 -1 -1 -1 -1 2 1 0 2 0" )
	call Preload( "A 417 6956.550 -1.000 -1.000 6956.550 6956.550 96 96 121 121 96 -1" )
	call Preload( "B 417 -1 -1 -1 -1 2 1 0 2 0" )
	call Preload( "A 418 6973.213 -1.000 -1.000 6973.213 6973.213 96 96 121 121 96 -1" )
	call Preload( "B 418 -1 -1 -1 -1 2 1 0 2 0" )
	call Preload( "A 419 6989.875 -1.000 -1.000 6989.875 6989.875 96 96 121 121 96 -1" )
	call Preload( "B 419 -1 -1 -1 -1 2 1 0 2 0" )
	call Preload( "A 420 7006.538 -1.000 -1.000 7006.538 7006.538 96 96 121 121 96 -1" )
	call Preload( "B 420 -1 -1 -1 -1 2 1 0 2 0" )
	call Preload( "A 421 7023.201 -1.000 -1.000 7023.201 7023.201 96 96 121 121 96 -1" )
	call Preload( "B 421 -1 -1 -1 -1 2 1 0 2 0" )
	call Preload( "A 422 7039.863 -1.000 -1.000 7039.863 7039.863 96 96 121 121 96 -1" )
	call Preload( "B 422 -1 -1 -1 -1 2 1 0 2 0" )
	call Preload( "A 423 7056.526 -1.000 -1.000 7056.526 7056.526 96 96 121 121 96 -1" )
	call Preload( "B 423 -1 -1 -1 -1 2 1 0 2 0" )
	call Preload( "A 424 7073.188 -1.000 -1.000 7073.188 7073.188 96 96 121 121 96 -1" )
	call Preload( "B 424 -1 -1 -1 -1 2 1 0 2 0" )
	call Preload( "A 425 7089.851 -1.000 -1.000 7089.851 7089.851 96 96 121 121 96 -1" )
	call Preload( "B 425 -1 -1 -1 -1 2 1 0 2 0" )
	call Preload( "A 426 7106.514 -1.000 -1.000 7106.514 7106.514 96 96 121 121 96 -1" )
	call Preload( "B 426 -1 -1 -1 -1 2 1 0 2 0" )
	call Preload( "A 427 7123.176 -1.000 -1.000 7123.176 7123.176 96 96 121 121 96 -1" )
	call Preload( "B 427 -1 -1 -1 -1 2 1 0 2 0" )
	call Preload( "A 428 7139.839 -1.000 -1.000 7139.839 7139.839 96 96 121 121 96 -1" )
	call Preload( "B 428 -1 -1 -1 -1 2 1 0 2 0" )
	call Preload( "A 429 7156.501 -1.000 -1.000 7156.501 7156.501 96 96 121 121 96 -1" )
	call Preload( "B 429 -1 -1 -1 -1 2 1 0 2 0" )
	call Preload( "A 430 7173.164 -1.000 -1.000 7173.164 7173.164 96 96 121 121 96 -1" )
	call Preload( "B 430 -1 -1 -1 -1 2 1 0 2 0" )
	call Preload( "A 431 7189.827 -1.000 -1.000 7189.827 7189.827 96 96 121 121 96 -1" )
	call Preload( "B 431 -1 -1 -1 -1 2 1 0 2 0" )
	call Preload( "A 432 7206.489 -1.000 -1.000 7206.489 7206.489 96 96 121 121 96 -1" )
	call Preload( "B 432 -1 -1 -1 -1 2 1 0 2 0" )
	call Preload( "A 433 7223.152 -1.000 -1.000 7223.152 7223.152 96 96 121 121 96 -1" )
	call Preload( "B 433 -1 -1 -1 -1 2 1 0 2 0" )
	call Preload( "A 434 7239.814 -1.000 -1.000 7239.814 7239.814 96 96 121 121 96 -1" )
	call Preload( "B 434 -1 -1 -1 -1 2 1 0 2 0" )
	call Preload( "A 435 7256.477 -1.000 -1.000 7256.477 7256.477 96 96 121 121 96 -1" )
	call Preload( "B 435 -1 -1 -1 -1 2 1 0 2 0" )
	call Preload( "A 436 7273.140 -1.000 -1.000 7273.140 7273.140 96 96 121 121 96 -1" )
	call Preload( "B 436 -1 -1 -1 -1 2 1 0 2 0" )
	call Preload( "A 437 7289.802 -1.000 -1.000 7289.802 7289.802 96 96 121 121 96 -1" )
	call Preload( "B 437 -1 -1 -1 -1 2 1 0 2 0" )
	call Preload( "A 438 7306.465 -1.000 -1.000 7306.465 7306.465 96 96 121 121 96 -1" )
	call Preload( "B 438 -1 -1 -1 -1 2 1 0 2 0" )
	call Preload( "A 439 7323.127 -1.000 -1.000 7323.127 7323.127 96 96 121 121 96 -1" )
	call Preload( "B 439 -1 -1 -1 -1 2 1 0 2 0" )
	call Preload( "A 440 7339.790 -1.000 -1.000 7339.790 7339.790 96 96 121 121 96 -1" )
	call Preload( "B 440 -1 -1 -1 -1 2 1 0 2 0" )
	call Preload( "A 441 7356.453 -1.000 -1.000 7356.453 7356.453 96 96 121 121 96 -1" )
	call Preload( "B 441 -1 -1 -1 -1 2 1 0 2 0" )
	call Preload( "A 442 7373.115 -1.000 -1.000 7373.115 7373.115 96 96 121 121 96 -1" )
	call Preload( "B 442 -1 -1 -1 -1 2 1 0 2 0" )
	call Preload( "A 443 7389.778 -1.000 -1.000 7389.778 7389.778 96 96 121 121 96 -1" )
	call Preload( "B 443 -1 -1 -1 -1 2 1 0 2 0" )
	call Preload( "A 444 7406.440 -1.000 -1.000 7406.440 7406.440 96 96 121 121 96 -1" )
	call Preload( "B 444 -1 -1 -1 -1 2 1 0 2 0" )
	call Preload( "A 445 7423.103 -1.000 -1.000 7423.103 7423.103 96 96 121 121 96 -1" )
	call Preload( "B 445 -1 -1 -1 -1 2 1 0 2 0" )
	call Preload( "A 446 7439.766 -1.000 -1.000 7439.766 7439.766 96 96 121 121 96 -1" )
	call Preload( "B 446 -1 -1 -1 -1 2 1 0 2 0" )
	call Preload( "A 447 7456.428 -1.000 -1.000 7456.428 7456.428 96 96 121 121 96 -1" )
	call Preload( "B 447 -1 -1 -1 -1 2 1 0 2 0" )
	call Preload( "A 448 7473.091 -1.000 -1.000 7473.091 7473.091 96 96 121 121 96 -1" )
	call Preload( "B 448 -1 -1 -1 -1 2 1 0 2 0" )
	call Preload( "A 449 7489.753 -1.000 -1.000 7489.753 7489.753 96 96 121 121 96 -1" )
	call Preload( "B 449 -1 -1 -1 -1 2 1 0 2 0" )
	call PreloadEnd( 0.0 )

endfunction


